1 0.533203125 0.49392592592592593 0.05856250000000003 0.0473888888888889
1 0.5151354166666666 0.42643518518518514 0.053098958333333356 0.03260185185185189
1 0.49101041666666667 0.5435277777777777 0.027156249999999993 0.09075000000000004
1 0.48949999999999994 0.5260462962962963 0.022718749999999944 0.11208333333333324
1 0.48949999999999994 0.5260462962962963 0.022718749999999944 0.11208333333333324
1 0.533203125 0.49392592592592593 0.05856250000000003 0.0473888888888889
1 0.5151354166666666 0.42643518518518514 0.053098958333333356 0.03260185185185189
1 0.48949999999999994 0.5260462962962963 0.022718749999999944 0.11208333333333324
1 0.533203125 0.49392592592592593 0.05856250000000003 0.0473888888888889
1 0.5151354166666666 0.42643518518518514 0.053098958333333356 0.03260185185185189
1 0.48949999999999994 0.5260462962962963 0.022718749999999944 0.11208333333333324
1 0.533203125 0.49392592592592593 0.05856250000000003 0.0473888888888889
1 0.5151354166666666 0.42643518518518514 0.053098958333333356 0.03260185185185189