1 0.4557486631016043 0.5166345811051692 0.06012834224598933 0.04865597147950101
1 0.4742994652406417 0.5859298871063577 0.05451871657754008 0.033473559120617974
1 0.49906951871657756 0.46570647653000596 0.027882352941176514 0.09317647058823535
1 0.5006203208556149 0.48365537730243613 0.023326203208556072 0.11508021390374318
1 0.5006203208556149 0.48365537730243613 0.023326203208556072 0.11508021390374318
1 0.4557486631016043 0.5166345811051692 0.06012834224598933 0.04865597147950101
1 0.4742994652406417 0.5859298871063577 0.05451871657754008 0.033473559120617974
1 0.5006203208556149 0.48365537730243613 0.023326203208556072 0.11508021390374318
1 0.4557486631016043 0.5166345811051692 0.06012834224598933 0.04865597147950101
1 0.4742994652406417 0.5859298871063577 0.05451871657754008 0.033473559120617974
1 0.5006203208556149 0.48365537730243613 0.023326203208556072 0.11508021390374318
1 0.4557486631016043 0.5166345811051692 0.06012834224598933 0.04865597147950101
1 0.4742994652406417 0.5859298871063577 0.05451871657754008 0.033473559120617974