1 0.475265625 0.4088333333333333 0.01996874999999996 0.08679166666666668
1 0.482421875 0.4099444444444445 0.02876562499999995 0.0899583333333333
1 0.5180390625 0.39858333333333335 0.018718750000000027 0.07555555555555553
1 0.482421875 0.4099444444444445 0.02876562499999995 0.0899583333333333
1 0.517578125 0.4012638888888889 0.016843749999999956 0.07383333333333329
1 0.5224609375 0.36697222222222226 0.029648437500000034 0.15104166666666666
1 0.5068203125 0.22862500000000002 0.03323437499999997 0.04831944444444447
1 0.482421875 0.4099444444444445 0.02876562499999995 0.0899583333333333
1 0.50928125 0.23329166666666667 0.042390624999999994 0.04730555555555556
1 0.517578125 0.4012638888888889 0.016843749999999956 0.07383333333333329
1 0.5595703125 0.2855972222222222 0.05481250000000006 0.04658333333333336
1 0.5224609375 0.36697222222222226 0.029648437500000034 0.15104166666666666