3 0.358640625 0.1312962962962963 0.08600000000000003 0.16536111111111113
1 0.40454166666666663 0.6215277777777778 0.016020833333333328 0.054527777777777925
1 0.45239062499999994 0.6206574074074074 0.013223958333333386 0.07221296296296296
1 0.38354687499999995 0.5933148148148147 0.02120833333333332 0.099611111111111
4 0.5908229166666666 0.8520000000000001 0.14416666666666664 0.2849351851851853
1 0.3823229166666666 0.6202222222222222 0.009713541666666714 0.04383333333333326
1 0.3989270833333333 0.6427962962962963 0.0136354166666667 0.037925925925926016
0 0.591796875 0.2701851851851852 0.08465624999999992 0.12478703703703699
0 0.6044947916666666 0.5121574074074075 0.0703125 0.14181481481481484
1 0.45141666666666663 0.6462685185185185 0.00841666666666665 0.02297222222222217
0 0.6450208333333334 0.30099999999999993 0.06076041666666665 0.13053703703703706