3 0.3566263157894737 0.8678903386600205 0.08690526315789482 0.16756721888286163
1 0.40301052631578943 0.3711186043102185 0.016189473684210576 0.055255241166984374
1 0.45136315789473686 0.372000586424278 0.013363157894736943 0.07317636710159797
1 0.38179473684210524 0.3997079607095734 0.021431578947368468 0.100940038117578
4 0.58984375 0.14206128133704735 0.1453125 0.2841225626740947
1 0.3805578947368421 0.3724415774813077 0.009815789473684245 0.04441812051018899
1 0.39733684210526315 0.3495663392464448 0.013778947368421158 0.03843190148072127
0 0.5922368421052632 0.7271485119483947 0.08554736842105264 0.1264518399061719
0 0.6050684210526316 0.4819481014514001 0.07105263157894744 0.1437067878610175
1 0.45037894736842105 0.3460477935786542 0.008505263157894839 0.02327869813810289
0 0.6460210526315789 0.6959225919953086 0.0613999999999999 0.1322785515320334