3 0.3584240837696336 0.12861788855021952 0.08645026178010476 0.16668990360075256
1 0.4045654450261781 0.6227887237673001 0.016104712041884815 0.0549659467106127
1 0.45266492146596865 0.621911359360644 0.013293193717277597 0.07279324476075191
1 0.38346073298429323 0.5943490498621826 0.02131937172774867 0.10041155624261687
4 0.5918219895287959 0.8551129519170473 0.14492146596858646 0.2872248392130554
1 0.3822303664921466 0.621472677157316 0.009764397905759203 0.04418556490542374
1 0.39892146596858646 0.6442281497469703 0.013706806282722538 0.03823068733684314
0 0.5928010471204189 0.2686228470591667 0.0850994764397905 0.12578978838833874
0 0.6055654450261782 0.5125394857734545 0.07068062827225123 0.14295439630153572
1 0.45168586387434556 0.647728273709694 0.008460732984293173 0.023156820137379755
0 0.6463036649214661 0.29968528052035176 0.06107853403141359 0.13158599367060914