0 0.5478631578947368 0.4312423398328691 0.08357368421052627 0.12831901480721303
1 0.42771578947368416 0.4692895469872453 0.025194736842105138 0.07636651517372822
1 0.4331421052631579 0.65004896642721 0.04557894736842094 0.030240727166104625
1 0.46842105263157896 0.4147473977422665 0.05239473684210516 0.10764873185749883
1 0.5024684210526316 0.3797871279870986 0.014889473684210586 0.07251957191027698
1 0.5009894736842104 0.43739744905439076 0.02724736842105262 0.1885752822166838
1 0.42253157894736837 0.44905087230611346 0.013105263157894776 0.03663978888725991
1 0.5207263157894736 0.669846650051312 0.028894736842105397 0.034331622929189134
1 0.46570526315789473 0.4070535112153643 0.02678421052631581 0.045797390411963096
1 0.4856894736842105 0.5906746811317988 0.03042105263157886 0.06613927576601679
1 0.5103631578947369 0.5805600351854566 0.02260526315789484 0.05269373992083286