0 0.5544656084656084 0.5721354143638266 0.08401587301587306 0.12899795139349457
1 0.43368253968253967 0.5338868992350887 0.025328042328042245 0.07677057080956803
1 0.4391375661375661 0.35217108075046805 0.04582010582010572 0.030400731013544423
1 0.4746031746031746 0.5887176312803054 0.05267195767195769 0.10821830186732702
1 0.5088306878306879 0.6238628760077228 0.014968253968253898 0.07290327334895572
1 0.5073439153439153 0.5659477384268471 0.0273915343915343 0.189573035032645
1 0.42847089947089945 0.5542326568510413 0.013174603174603306 0.036833650204123713
1 0.5271851851851851 0.3322686474775612 0.02904761904761912 0.03451327172775636
1 0.4718730158730159 0.5964522262015299 0.02692592592592593 0.04603970464694701
1 0.4919629629629629 0.4118595157035269 0.030582010582010533 0.06648921902403797
1 0.5167671957671958 0.42202767829508775 0.022724867724867794 0.052972542777556704