0 0.40068586387434546 0.46933395557759344 0.048654450261780016 0.10867184879464481
0 0.41737696335078533 0.5677761087371844 0.0620890052356021 0.21952777494202924
0 0.34865968586387436 0.643472122971022 0.1003141361256544 0.20005775204538484
2 0.5202041884816754 0.26151992883081276 0.03794764397905759 0.07011448322128076
0 0.4095235602094241 0.8915422421210752 0.0850994764397905 0.1690979888871066
0 0.46891099476439785 0.8911035599177473 0.09252356020942418 0.16997535329376257
2 0.6475759162303665 0.683718881710394 0.025999999999999978 0.046593650191777684
1 0.49099999999999994 0.6150324490659045 0.02359162303664917 0.05808339045341185
1 0.5405759162303665 0.6487176420831571 0.05181151832460742 0.04140413306304583
1 0.4772565445026177 0.5450299698114309 0.0245130890052355 0.1094838775539966
1 0.652240837696335 0.6294716271201272 0.015685863874345608 0.0666703612419607
1 0.4208115183246073 0.5139675363502457 0.020874345549738216 0.1055544050518455
1 0.3339319371727748 0.6124096895098369 0.02151832460732983 0.06590500080211165
0 0.40068586387434546 0.46933395557759344 0.048654450261780016 0.10867184879464481
0 0.41737696335078533 0.5677761087371844 0.0620890052356021 0.21952777494202924
0 0.34865968586387436 0.643472122971022 0.1003141361256544 0.20005775204538484
2 0.5202041884816754 0.26151992883081276 0.03794764397905759 0.07011448322128076
0 0.4095235602094241 0.8915422421210752 0.0850994764397905 0.1690979888871066
0 0.46891099476439785 0.8911035599177473 0.09252356020942418 0.16997535329376257
2 0.6475759162303665 0.683718881710394 0.025999999999999978 0.046593650191777684
1 0.49099999999999994 0.6150324490659045 0.02359162303664917 0.05808339045341185
1 0.5405759162303665 0.6487176420831571 0.05181151832460742 0.04140413306304583
1 0.4772565445026177 0.5450299698114309 0.0245130890052355 0.1094838775539966
0 0.5125968586387434 0.2420499059341685 0.12381151832460731 0.254855692805787
1 0.652240837696335 0.6294716271201272 0.015685863874345608 0.0666703612419607
1 0.4208115183246073 0.5139675363502457 0.020874345549738216 0.1055544050518455
1 0.3339319371727748 0.6124096895098369 0.02151832460732983 0.06590500080211165
0 0.40068586387434546 0.46933395557759344 0.048654450261780016 0.10867184879464481
0 0.41737696335078533 0.5677761087371844 0.0620890052356021 0.21952777494202924
0 0.34865968586387436 0.643472122971022 0.1003141361256544 0.20005775204538484
2 0.5202041884816754 0.26151992883081276 0.03794764397905759 0.07011448322128076
0 0.4095235602094241 0.8915422421210752 0.0850994764397905 0.1690979888871066
0 0.46891099476439785 0.8911035599177473 0.09252356020942418 0.16997535329376257
2 0.6475759162303665 0.683718881710394 0.025999999999999978 0.046593650191777684
1 0.49099999999999994 0.6150324490659045 0.02359162303664917 0.05808339045341185
1 0.5405759162303665 0.6487176420831571 0.05181151832460742 0.04140413306304583
1 0.4772565445026177 0.5450299698114309 0.0245130890052355 0.1094838775539966
0 0.664020942408377 0.6767186337849466 0.08914659685863882 0.17303679505315817
1 0.652240837696335 0.6294716271201272 0.015685863874345608 0.0666703612419607
1 0.4208115183246073 0.5139675363502457 0.020874345549738216 0.1055544050518455
1 0.3339319371727748 0.6124096895098369 0.02151832460732983 0.06590500080211165
0 0.40068586387434546 0.46933395557759344 0.048654450261780016 0.10867184879464481
0 0.41737696335078533 0.5677761087371844 0.0620890052356021 0.21952777494202924
0 0.34865968586387436 0.643472122971022 0.1003141361256544 0.20005775204538484
2 0.5202041884816754 0.26151992883081276 0.03794764397905759 0.07011448322128076
0 0.4095235602094241 0.8915422421210752 0.0850994764397905 0.1690979888871066
0 0.46891099476439785 0.8911035599177473 0.09252356020942418 0.16997535329376257
2 0.6475759162303665 0.683718881710394 0.025999999999999978 0.046593650191777684
1 0.49099999999999994 0.6150324490659045 0.02359162303664917 0.05808339045341185
1 0.5405759162303665 0.6487176420831571 0.05181151832460742 0.04140413306304583
1 0.4772565445026177 0.5450299698114309 0.0245130890052355 0.1094838775539966
0 0.5125968586387434 0.2420499059341685 0.12381151832460731 0.254855692805787
1 0.652240837696335 0.6294716271201272 0.015685863874345608 0.0666703612419607
1 0.4208115183246073 0.5139675363502457 0.020874345549738216 0.1055544050518455
1 0.3339319371727748 0.6124096895098369 0.02151832460732983 0.06590500080211165
0 0.40068586387434546 0.46933395557759344 0.048654450261780016 0.10867184879464481
0 0.41737696335078533 0.5677761087371844 0.0620890052356021 0.21952777494202924
0 0.34865968586387436 0.643472122971022 0.1003141361256544 0.20005775204538484
2 0.5202041884816754 0.26151992883081276 0.03794764397905759 0.07011448322128076
0 0.4095235602094241 0.8915422421210752 0.0850994764397905 0.1690979888871066
0 0.46891099476439785 0.8911035599177473 0.09252356020942418 0.16997535329376257
2 0.6475759162303665 0.683718881710394 0.025999999999999978 0.046593650191777684
1 0.49099999999999994 0.6150324490659045 0.02359162303664917 0.05808339045341185
1 0.5405759162303665 0.6487176420831571 0.05181151832460742 0.04140413306304583
1 0.4772565445026177 0.5450299698114309 0.0245130890052355 0.1094838775539966
0 0.664020942408377 0.6767186337849466 0.08914659685863882 0.17303679505315817
1 0.652240837696335 0.6294716271201272 0.015685863874345608 0.0666703612419607
1 0.4208115183246073 0.5139675363502457 0.020874345549738216 0.1055544050518455
1 0.3339319371727748 0.6124096895098369 0.02151832460732983 0.06590500080211165