1 0.38394117647058823 0.6799049316696376 0.017294117647058814 0.08172073677956035
0 0.49423529411764705 0.4457231134878194 0.0753903743315508 0.13358051099227564
1 0.5040106951871658 0.5872133095662507 0.04352406417112302 0.06723232323232319
1 0.48220320855614973 0.6618514557338087 0.05677540106951877 0.058828282828282855
1 0.3641390374331551 0.5286131907308378 0.02185561497326196 0.05598573975044571
1 0.40925668449197855 0.5760713012477718 0.027994652406417055 0.05826737967914429
1 0.525566844919786 0.6048104575163399 0.040390374331550835 0.06155674390968516
1 0.5225614973262032 0.5210362448009508 0.04988235294117658 0.03412002376708267
0 0.47468449197860957 0.4680071301247771 0.03668983957219254 0.05893285799168145
2 0.390957219251337 0.6094878193701724 0.0753903743315508 0.21758288770053455
1 0.39873262032085555 0.470678550207962 0.04816042780748662 0.035450980392156835
1 0.38394117647058823 0.6799049316696376 0.017294117647058814 0.08172073677956035
0 0.49423529411764705 0.4457231134878194 0.0753903743315508 0.13358051099227564
1 0.5040106951871658 0.5872133095662507 0.04352406417112302 0.06723232323232319
1 0.48220320855614973 0.6618514557338087 0.05677540106951877 0.058828282828282855
1 0.3641390374331551 0.5286131907308378 0.02185561497326196 0.05598573975044571
1 0.40925668449197855 0.5760713012477718 0.027994652406417055 0.05826737967914429
1 0.525566844919786 0.6048104575163399 0.040390374331550835 0.06155674390968516
1 0.5225614973262032 0.5210362448009508 0.04988235294117658 0.03412002376708267
0 0.47468449197860957 0.4680071301247771 0.03668983957219254 0.05893285799168145
1 0.39873262032085555 0.470678550207962 0.04816042780748662 0.035450980392156835