1 0.6115340314136125 0.6652014758856043 0.01693193717277488 0.08023217488952726
0 0.5035497382198952 0.4352853330222112 0.0738115183246073 0.13114731146728115
1 0.49397905759162297 0.5741982528547885 0.04261256544502619 0.0660076711050184
1 0.5153298429319372 0.6474768481383716 0.05558638743455493 0.0577567122168911
1 0.6309214659685863 0.5166655485715119 0.021397905759162228 0.0549659467106127
1 0.5867486910994765 0.5632591987632894 0.02740837696335081 0.05720602604675571
1 0.4728743455497382 0.5914748647347926 0.03954450261780114 0.060435473756362254
1 0.47581675392670153 0.5092266184427365 0.04883769633507864 0.03349851973924089
0 0.5226910994764398 0.4571634412052093 0.035921465968586294 0.05785938251979753
2 0.6046649214659685 0.5960670273738862 0.0738115183246073 0.21361956569295157
1 0.5970523560209424 0.4597862007612769 0.047151832460732915 0.03480523268532421
1 0.6115340314136125 0.6652014758856043 0.01693193717277488 0.08023217488952726
0 0.5035497382198952 0.4352853330222112 0.0738115183246073 0.13114731146728115
1 0.49397905759162297 0.5741982528547885 0.04261256544502619 0.0660076711050184
1 0.5153298429319372 0.6474768481383716 0.05558638743455493 0.0577567122168911
1 0.6309214659685863 0.5166655485715119 0.021397905759162228 0.0549659467106127
1 0.5867486910994765 0.5632591987632894 0.02740837696335081 0.05720602604675571
1 0.4728743455497382 0.5914748647347926 0.03954450261780114 0.060435473756362254
1 0.47581675392670153 0.5092266184427365 0.04883769633507864 0.03349851973924089
0 0.5226910994764398 0.4571634412052093 0.035921465968586294 0.05785938251979753
1 0.5970523560209424 0.4597862007612769 0.047151832460732915 0.03480523268532421