0 0 0.670898 0.103953 0.670898 0.103953 0.551758 0 0.551758 0 0.670898
0 0 0.8310549999999999 0.103953 0.8310549999999999 0.103953 0.710938 0 0.710938 0 0.8310549999999999
0 0 0.520508 0.114202 0.520508 0.114202 0.41699200000000003 0 0.41699200000000003 0 0.520508
0 0 0.37207 0.11713 0.37207 0.11713 0.267578 0 0.267578 0 0.37207
0 0 0.240234 0.121523 0.240234 0.121523 0.124023 0 0.124023 0 0.240234
0 0.349927 0.12890600000000002 0.166911 0.12890600000000002 0.166911 0.240234 0.349927 0.240234 0.349927 0.12890600000000002
0 0.566618 0.12890600000000002 0.38653 0.12890600000000002 0.38653 0.23828100000000002 0.566618 0.23828100000000002 0.566618 0.12890600000000002
0 0.784773 0.130859 0.623719 0.130859 0.623719 0.23828100000000002 0.784773 0.23828100000000002 0.784773 0.130859
0 0.998536 0.130859 0.828697 0.130859 0.828697 0.240234 0.998536 0.240234 0.998536 0.130859
0 0.998536 0.276367 0.833089 0.276367 0.833089 0.381836 0.998536 0.381836 0.998536 0.276367
0 0.998536 0.56543 0.838946 0.56543 0.838946 0.679688 0.998536 0.679688 0.998536 0.56543
0 0.998536 0.423828 0.8491949999999999 0.423828 0.8491949999999999 0.525391 0.998536 0.525391 0.998536 0.423828
0 0.998536 0.717773 0.8491949999999999 0.717773 0.8491949999999999 0.829102 0.998536 0.829102 0.998536 0.717773