0 0.110625 0.6237619999999999 0.044375 0.6237619999999999 0.044375 0.7095710000000001 0.110625 0.7095710000000001 0.110625 0.6237619999999999
0 0.139375 0.41749200000000003 0.07125000000000001 0.41749200000000003 0.07125000000000001 0.514026 0.139375 0.514026 0.139375 0.41749200000000003
0 0.21125 0.782178 0.140625 0.782178 0.140625 0.8721120000000001 0.21125 0.8721120000000001 0.21125 0.782178
0 0.21125 0.528878 0.1525 0.528878 0.1525 0.617162 0.21125 0.617162 0.21125 0.528878
0 0.226875 0.656766 0.164375 0.656766 0.164375 0.735974 0.226875 0.735974 0.226875 0.656766
0 0.25125000000000003 0.319307 0.176875 0.319307 0.176875 0.41419100000000003 0.25125000000000003 0.41419100000000003 0.25125000000000003 0.319307
0 0.284375 0.518977 0.2125 0.518977 0.2125 0.604786 0.284375 0.604786 0.284375 0.518977
0 0.323125 0.730198 0.2525 0.730198 0.2525 0.828383 0.323125 0.828383 0.323125 0.730198
0 0.32999999999999996 0.387789 0.254375 0.387789 0.254375 0.485974 0.32999999999999996 0.485974 0.32999999999999996 0.387789
0 0.321875 0.141914 0.259375 0.141914 0.259375 0.22112199999999999 0.321875 0.22112199999999999 0.321875 0.141914
0 0.33625 0.622112 0.26687500000000003 0.622112 0.26687500000000003 0.7153470000000001 0.33625 0.7153470000000001 0.33625 0.622112
0 0.374375 0.2467 0.305 0.2467 0.305 0.336634 0.374375 0.336634 0.374375 0.2467
0 0.379375 0.471947 0.316875 0.471947 0.316875 0.565181 0.379375 0.565181 0.379375 0.471947
0 0.38687499999999997 0.783828 0.32437499999999997 0.783828 0.32437499999999997 0.880363 0.38687499999999997 0.880363 0.38687499999999997 0.783828
0 0.41312499999999996 0.093234 0.33125 0.093234 0.33125 0.18976900000000002 0.41312499999999996 0.18976900000000002 0.41312499999999996 0.093234
0 0.42374999999999996 0.35313500000000003 0.351875 0.35313500000000003 0.351875 0.44637000000000004 0.42374999999999996 0.44637000000000004 0.42374999999999996 0.35313500000000003
0 0.42625 0.603135 0.35875 0.603135 0.35875 0.69637 0.42625 0.69637 0.42625 0.603135
0 0.49437499999999995 0.286304 0.42125 0.286304 0.42125 0.358911 0.49437499999999995 0.358911 0.49437499999999995 0.286304
0 0.529375 0.663366 0.448125 0.663366 0.448125 0.739274 0.529375 0.739274 0.529375 0.663366
0 0.529375 0.522277 0.45125000000000004 0.522277 0.45125000000000004 0.622112 0.529375 0.622112 0.529375 0.522277
0 0.528125 0.40181500000000003 0.45999999999999996 0.40181500000000003 0.45999999999999996 0.482673 0.528125 0.482673 0.528125 0.40181500000000003
0 0.54375 0.8094060000000001 0.465625 0.8094060000000001 0.465625 0.9133660000000001 0.54375 0.9133660000000001 0.54375 0.8094060000000001
0 0.57625 0.11056099999999999 0.504375 0.11056099999999999 0.504375 0.20544600000000002 0.57625 0.20544600000000002 0.57625 0.11056099999999999
0 0.586875 0.265677 0.51625 0.265677 0.51625 0.346535 0.586875 0.346535 0.586875 0.265677
0 0.60375 0.400165 0.531875 0.400165 0.531875 0.485974 0.60375 0.485974 0.60375 0.400165
0 0.61125 0.69637 0.54375 0.69637 0.54375 0.806106 0.61125 0.806106 0.61125 0.69637
0 0.623125 0.5033000000000001 0.55125 0.5033000000000001 0.55125 0.604786 0.623125 0.604786 0.623125 0.5033000000000001
0 0.678125 0.344884 0.6174999999999999 0.344884 0.6174999999999999 0.42821800000000004 0.678125 0.42821800000000004 0.678125 0.344884
0 0.686875 0.162541 0.618125 0.162541 0.618125 0.255776 0.686875 0.255776 0.686875 0.162541
0 0.735625 0.44637000000000004 0.6599999999999999 0.44637000000000004 0.6599999999999999 0.5429039999999999 0.735625 0.5429039999999999 0.735625 0.44637000000000004
0 0.725 0.566832 0.66125 0.566832 0.66125 0.64934 0.725 0.64934 0.725 0.566832
0 0.7325 0.685644 0.665 0.685644 0.665 0.785479 0.7325 0.785479 0.7325 0.685644
0 0.76375 0.813531 0.6975 0.813531 0.6975 0.8993399999999999 0.76375 0.8993399999999999 0.76375 0.813531
0 0.774375 0.21039599999999997 0.708125 0.21039599999999997 0.708125 0.291254 0.774375 0.291254 0.774375 0.21039599999999997
0 0.7993750000000001 0.086634 0.714375 0.086634 0.714375 0.18811899999999998 0.7993750000000001 0.18811899999999998 0.7993750000000001 0.086634
0 0.803125 0.363861 0.744375 0.363861 0.744375 0.43069300000000005 0.803125 0.43069300000000005 0.803125 0.363861
0 0.8318749999999999 0.6270629999999999 0.765625 0.6270629999999999 0.765625 0.7153470000000001 0.8318749999999999 0.7153470000000001 0.8318749999999999 0.6270629999999999
0 0.836875 0.5033000000000001 0.771875 0.5033000000000001 0.771875 0.590759 0.836875 0.590759 0.836875 0.5033000000000001
0 0.869375 0.29703 0.8081250000000001 0.29703 0.8081250000000001 0.367162 0.869375 0.367162 0.869375 0.29703
0 0.9193749999999999 0.7095710000000001 0.8462500000000001 0.7095710000000001 0.8462500000000001 0.8044549999999999 0.9193749999999999 0.8044549999999999 0.9193749999999999 0.7095710000000001
0 0.9256249999999999 0.444719 0.859375 0.444719 0.859375 0.517327 0.9256249999999999 0.517327 0.9256249999999999 0.444719