0 0.2375 0.070943 0.042499999999999996 0.070943 0.042499999999999996 0.307925 0.2375 0.307925 0.2375 0.070943
0 0.29312499999999997 0.673208 0.075625 0.673208 0.075625 0.947925 0.29312499999999997 0.947925 0.29312499999999997 0.673208
0 0.27749999999999997 0.391698 0.09 0.391698 0.09 0.609811 0.27749999999999997 0.609811 0.27749999999999997 0.391698
0 0.41937499999999994 0.09283 0.25875 0.09283 0.25875 0.292075 0.41937499999999994 0.292075 0.41937499999999994 0.09283
0 0.5375 0.673208 0.3175 0.673208 0.3175 0.9547169999999999 0.5375 0.9547169999999999 0.5375 0.673208
0 0.5475 0.38339599999999996 0.354375 0.38339599999999996 0.354375 0.611321 0.5475 0.611321 0.5475 0.38339599999999996
0 0.561875 0.111698 0.436875 0.111698 0.436875 0.267925 0.561875 0.267925 0.561875 0.111698
0 0.69375 0.135849 0.591875 0.135849 0.591875 0.249057 0.69375 0.249057 0.69375 0.135849
0 0.76625 0.429434 0.6487499999999999 0.429434 0.6487499999999999 0.561509 0.76625 0.561509 0.76625 0.429434
0 0.76375 0.750189 0.6625 0.750189 0.6625 0.8603770000000001 0.76375 0.8603770000000001 0.76375 0.750189
0 0.8231249999999999 0.12754700000000002 0.709375 0.12754700000000002 0.709375 0.262642 0.8231249999999999 0.262642 0.8231249999999999 0.12754700000000002
0 0.945625 0.12754700000000002 0.845 0.12754700000000002 0.845 0.255849 0.945625 0.255849 0.945625 0.12754700000000002