0 0.29375 0.584167 0.09375 0.584167 0.09375 0.653333 0.29375 0.653333 0.29375 0.584167
0 0.390625 0.4375 0.105625 0.4375 0.105625 0.563333 0.390625 0.563333 0.390625 0.4375
0 0.375 0.346667 0.10687500000000001 0.346667 0.10687500000000001 0.45499999999999996 0.375 0.45499999999999996 0.375 0.346667
0 0.40625 0.506667 0.10687500000000001 0.506667 0.10687500000000001 0.6224999999999999 0.40625 0.6224999999999999 0.40625 0.506667
0 0.274375 0.663333 0.11187499999999999 0.663333 0.11187499999999999 0.765 0.274375 0.765 0.274375 0.663333
0 0.268125 0.646667 0.12062500000000001 0.646667 0.12062500000000001 0.725833 0.268125 0.725833 0.268125 0.646667
0 0.56375 0.603333 0.25125000000000003 0.603333 0.25125000000000003 0.745833 0.56375 0.745833 0.56375 0.603333
0 0.573125 0.6858329999999999 0.265625 0.6858329999999999 0.265625 0.803333 0.573125 0.803333 0.573125 0.6858329999999999
0 0.6 0.735833 0.29 0.735833 0.29 0.8508330000000001 0.6 0.8508330000000001 0.6 0.735833
0 0.610625 0.5375 0.311875 0.5375 0.311875 0.6891670000000001 0.610625 0.6891670000000001 0.610625 0.5375
0 0.63125 0.314167 0.36625 0.314167 0.36625 0.41416700000000006 0.63125 0.41416700000000006 0.63125 0.314167
0 0.63125 0.36583299999999996 0.375 0.36583299999999996 0.375 0.458333 0.63125 0.458333 0.63125 0.36583299999999996
0 0.651875 0.419167 0.388125 0.419167 0.388125 0.520833 0.651875 0.520833 0.651875 0.419167
0 0.66875 0.48583299999999996 0.3975 0.48583299999999996 0.3975 0.5533330000000001 0.66875 0.5533330000000001 0.66875 0.48583299999999996
0 0.880625 0.513333 0.5806250000000001 0.513333 0.5806250000000001 0.6483329999999999 0.880625 0.6483329999999999 0.880625 0.513333
0 0.849375 0.655 0.583125 0.655 0.583125 0.7683329999999999 0.849375 0.7683329999999999 0.849375 0.655
0 0.8856249999999999 0.5925 0.59875 0.5925 0.59875 0.698333 0.8856249999999999 0.698333 0.8856249999999999 0.5925
0 0.9193749999999999 0.7 0.6131249999999999 0.7 0.6131249999999999 0.8324999999999999 0.9193749999999999 0.8324999999999999 0.9193749999999999 0.7