0 0.163902 0.10625 0.01858 0.10625 0.01858 0.210625 0.163902 0.210625 0.163902 0.10625
0 0.17651 0.028125 0.058394 0.028125 0.058394 0.11000000000000001 0.17651 0.11000000000000001 0.17651 0.028125
0 0.129396 0 0.129396 0.03625 0.26741899999999996 0.03625 0.26741899999999996 0 0.129396 0
0 0.29794299999999996 0.23625 0.140013 0.23625 0.140013 0.369375 0.29794299999999996 0.369375 0.29794299999999996 0.23625
0 0.321831 0.48250000000000004 0.16921 0.48250000000000004 0.16921 0.585 0.321831 0.585 0.321831 0.48250000000000004
0 0.30325199999999997 0.043125000000000004 0.17651 0.043125000000000004 0.17651 0.136875 0.30325199999999997 0.136875 0.30325199999999997 0.043125000000000004
0 0.352356 0.185 0.196417 0.185 0.196417 0.27375 0.352356 0.27375 0.352356 0.185
0 0.38288 0.359375 0.265428 0.359375 0.265428 0.45499999999999996 0.38288 0.45499999999999996 0.38288 0.359375
0 0.419376 0.0925 0.270737 0.0925 0.270737 0.18 0.419376 0.18 0.419376 0.0925
0 0.274054 0 0.274054 0.08249999999999999 0.43596599999999996 0.08249999999999999 0.43596599999999996 0 0.274054 0
0 0.44127400000000006 0.24312499999999998 0.305242 0.24312499999999998 0.305242 0.34187500000000004 0.44127400000000006 0.34187500000000004 0.44127400000000006 0.24312499999999998
0 0.46649 0.43937499999999996 0.319841 0.43937499999999996 0.319841 0.5675 0.46649 0.5675 0.46649 0.43937499999999996
0 0.46848 0.73 0.32315900000000003 0.73 0.32315900000000003 0.853125 0.46848 0.853125 0.46848 0.73
0 0.513603 0.145625 0.362973 0.145625 0.362973 0.25 0.513603 0.25 0.513603 0.145625
0 0.520902 0.038125 0.38885200000000003 0.038125 0.38885200000000003 0.130625 0.520902 0.130625 0.520902 0.038125
0 0.5122760000000001 0.32875 0.39217 0.32875 0.39217 0.4175 0.5122760000000001 0.4175 0.5122760000000001 0.32875
0 0.43729300000000004 0 0.43729300000000004 0.04 0.570007 0.04 0.570007 0 0.43729300000000004 0
0 0.597213 0.19875 0.43729300000000004 0.19875 0.43729300000000004 0.30625 0.597213 0.30625 0.597213 0.19875
0 0.562707 0.610625 0.44127400000000006 0.610625 0.44127400000000006 0.7318749999999999 0.562707 0.7318749999999999 0.562707 0.610625
0 0.60783 0.499375 0.45056399999999996 0.499375 0.45056399999999996 0.6174999999999999 0.60783 0.6174999999999999 0.60783 0.499375
0 0.61712 0.11687499999999999 0.47578 0.11687499999999999 0.47578 0.19875 0.61712 0.19875 0.61712 0.11687499999999999
0 0.648308 0.00375 0.49767799999999995 0.00375 0.49767799999999995 0.08937500000000001 0.648308 0.08937500000000001 0.648308 0.00375
0 0.651626 0.38125 0.508295 0.38125 0.508295 0.4925 0.651626 0.4925 0.651626 0.38125
0 0.688122 0.58125 0.5534169999999999 0.58125 0.5534169999999999 0.6975 0.688122 0.6975 0.688122 0.58125
0 0.695421 0.28250000000000003 0.557399 0.28250000000000003 0.557399 0.388125 0.695421 0.388125 0.695421 0.28250000000000003
0 0.621101 0 0.621101 0.034375 0.713338 0.034375 0.713338 0 0.621101 0
0 0.771068 0.05375 0.624419 0.05375 0.624419 0.12687500000000002 0.771068 0.12687500000000002 0.771068 0.05375
0 0.7949569999999999 0.135625 0.637027 0.135625 0.637027 0.23125 0.7949569999999999 0.23125 0.7949569999999999 0.135625
0 0.7949569999999999 0.383125 0.648308 0.383125 0.648308 0.4925 0.7949569999999999 0.4925 0.7949569999999999 0.383125
0 0.789648 0.21749999999999997 0.656934 0.21749999999999997 0.656934 0.2925 0.789648 0.2925 0.789648 0.21749999999999997
0 0.867286 0.27875 0.688122 0.27875 0.688122 0.4175 0.867286 0.4175 0.867286 0.27875
0 0.827472 0.50125 0.696748 0.50125 0.696748 0.630625 0.827472 0.630625 0.827472 0.50125
0 0.787658 0 0.787658 0.014374999999999999 0.84207 0.014374999999999999 0.84207 0 0.787658 0
0 0.9416059999999999 0.385 0.7949569999999999 0.385 0.7949569999999999 0.509375 0.9416059999999999 0.509375 0.9416059999999999 0.385
0 0.928998 0.07062500000000001 0.796948 0.07062500000000001 0.796948 0.150625 0.928998 0.150625 0.928998 0.07062500000000001