0 0.36875 0.20166699999999999 0.20750000000000002 0.20166699999999999 0.20750000000000002 0.396667 0.36875 0.396667 0.36875 0.20166699999999999
0 0.388125 0.475833 0.22312500000000002 0.475833 0.22312500000000002 0.698333 0.388125 0.698333 0.388125 0.475833
0 0.501875 0.569167 0.38937499999999997 0.569167 0.38937499999999997 0.7166669999999999 0.501875 0.7166669999999999 0.501875 0.569167
0 0.56125 0.195 0.40374999999999994 0.195 0.40374999999999994 0.388333 0.56125 0.388333 0.56125 0.195
0 0.5962500000000001 0.744167 0.418125 0.744167 0.418125 0.984167 0.5962500000000001 0.984167 0.5962500000000001 0.744167
0 0.5662499999999999 0.4 0.45125000000000004 0.4 0.45125000000000004 0.5291669999999999 0.5662499999999999 0.5291669999999999 0.5662499999999999 0.4
0 0.7125 0.575833 0.56875 0.575833 0.56875 0.756667 0.7125 0.756667 0.7125 0.575833
0 0.686875 0.296667 0.5743750000000001 0.296667 0.5743750000000001 0.42916699999999997 0.686875 0.42916699999999997 0.686875 0.296667
0 0.825 0.739167 0.70625 0.739167 0.70625 0.8858330000000001 0.825 0.8858330000000001 0.825 0.739167
0 0.8387499999999999 0.24500000000000002 0.7075 0.24500000000000002 0.7075 0.4 0.8387499999999999 0.4 0.8387499999999999 0.24500000000000002
0 0.9087500000000001 0.43416699999999997 0.734375 0.43416699999999997 0.734375 0.635833 0.9087500000000001 0.635833 0.9087500000000001 0.43416699999999997