0 0.35750000000000004 0.583109 0.23625 0.583109 0.23625 0.695418 0.35750000000000004 0.695418 0.35750000000000004 0.583109
0 0.379375 0.604672 0.2875 0.604672 0.2875 0.681941 0.379375 0.681941 0.379375 0.604672
0 0.37687499999999996 0.7026060000000001 0.30625 0.7026060000000001 0.30625 0.779874 0.37687499999999996 0.779874 0.37687499999999996 0.7026060000000001
0 0.39625 0.571429 0.31437499999999996 0.571429 0.31437499999999996 0.632525 0.39625 0.632525 0.39625 0.571429
0 0.421875 0.628931 0.318125 0.628931 0.318125 0.735849 0.421875 0.735849 0.421875 0.628931
0 0.45125000000000004 0.750225 0.33875 0.750225 0.33875 0.8553459999999999 0.45125000000000004 0.8553459999999999 0.45125000000000004 0.750225
0 0.43187499999999995 0.504043 0.34125 0.504043 0.34125 0.6064689999999999 0.43187499999999995 0.6064689999999999 0.43187499999999995 0.504043
0 0.4875 0.639713 0.35 0.639713 0.35 0.753819 0.4875 0.753819 0.4875 0.639713
0 0.464375 0.5885 0.39375 0.5885 0.39375 0.647799 0.464375 0.647799 0.464375 0.5885
0 0.484375 0.518419 0.410625 0.518419 0.410625 0.59389 0.484375 0.59389 0.484375 0.518419
0 0.45375 0.5004489999999999 0.428125 0.5004489999999999 0.428125 0.52381 0.45375 0.52381 0.45375 0.5004489999999999
0 0.48875 0.45193199999999994 0.43062500000000004 0.45193199999999994 0.43062500000000004 0.504043 0.48875 0.504043 0.48875 0.45193199999999994
0 0.48312499999999997 0.62354 0.434375 0.62354 0.434375 0.6585799999999999 0.48312499999999997 0.6585799999999999 0.48312499999999997 0.62354
0 0.505 0.534591 0.45375 0.534591 0.45375 0.639713 0.505 0.639713 0.505 0.534591
0 0.565625 0.469003 0.45375 0.469003 0.45375 0.537287 0.565625 0.537287 0.565625 0.469003
0 0.5756249999999999 0.735849 0.465625 0.735849 0.465625 0.83558 0.5756249999999999 0.83558 0.5756249999999999 0.735849
0 0.564375 0.6343219999999999 0.471875 0.6343219999999999 0.471875 0.721474 0.564375 0.721474 0.564375 0.6343219999999999
0 0.573125 0.662174 0.479375 0.662174 0.479375 0.752022 0.573125 0.752022 0.573125 0.662174
0 0.5549999999999999 0.49595700000000004 0.48312499999999997 0.49595700000000004 0.48312499999999997 0.5426770000000001 0.5549999999999999 0.5426770000000001 0.5549999999999999 0.49595700000000004
0 0.5587500000000001 0.44474400000000003 0.4875 0.44474400000000003 0.4875 0.486972 0.5587500000000001 0.486972 0.5587500000000001 0.44474400000000003
0 0.60625 0.5292 0.49000000000000005 0.5292 0.49000000000000005 0.656783 0.60625 0.656783 0.60625 0.5292
0 0.623125 0.467206 0.55625 0.467206 0.55625 0.511231 0.623125 0.511231 0.623125 0.467206
0 0.628125 0.513028 0.55625 0.513028 0.55625 0.579515 0.628125 0.579515 0.628125 0.513028
0 0.64625 0.695418 0.571875 0.695418 0.571875 0.774483 0.64625 0.774483 0.64625 0.695418
0 0.6637500000000001 0.6271340000000001 0.5743750000000001 0.6271340000000001 0.5743750000000001 0.709793 0.6637500000000001 0.709793 0.6637500000000001 0.6271340000000001
0 0.6743750000000001 0.6801440000000001 0.5743750000000001 0.6801440000000001 0.5743750000000001 0.713387 0.6743750000000001 0.713387 0.6743750000000001 0.6801440000000001
0 0.723125 0.5624439999999999 0.6075 0.5624439999999999 0.6075 0.6495960000000001 0.723125 0.6495960000000001 0.723125 0.5624439999999999
0 0.7150000000000001 0.469003 0.61 0.469003 0.61 0.539084 0.7150000000000001 0.539084 0.7150000000000001 0.469003
0 0.7162499999999999 0.532794 0.630625 0.532794 0.630625 0.5885 0.7162499999999999 0.5885 0.7162499999999999 0.532794
0 0.75125 0.7834679999999999 0.64125 0.7834679999999999 0.64125 0.89398 0.75125 0.89398 0.75125 0.7834679999999999
0 0.729375 0.716981 0.6487499999999999 0.716981 0.6487499999999999 0.790656 0.729375 0.790656 0.729375 0.716981
0 0.76 0.632525 0.6693749999999999 0.632525 0.6693749999999999 0.6801440000000001 0.76 0.6801440000000001 0.76 0.632525
0 0.689375 0.678347 0.670625 0.678347 0.670625 0.725067 0.689375 0.725067 0.689375 0.678347
0 0.784375 0.672956 0.689375 0.672956 0.689375 0.746631 0.784375 0.746631 0.784375 0.672956
0 0.75 0.52381 0.70125 0.52381 0.70125 0.5992810000000001 0.75 0.5992810000000001 0.75 0.52381
0 0.776875 0.548068 0.7125 0.548068 0.7125 0.616352 0.776875 0.616352 0.776875 0.548068
0 0.75875 0.6028749999999999 0.718125 0.6028749999999999 0.718125 0.645103 0.75875 0.645103 0.75875 0.6028749999999999
0 0.829375 0.737646 0.721875 0.737646 0.721875 0.83558 0.829375 0.83558 0.829375 0.737646
0 0.8074999999999999 0.636119 0.7625 0.636119 0.7625 0.7026060000000001 0.8074999999999999 0.7026060000000001 0.8074999999999999 0.636119
0 0.8943749999999999 0.592093 0.776875 0.592093 0.776875 0.674753 0.8943749999999999 0.674753 0.8943749999999999 0.592093
0 0.8943749999999999 0.65319 0.79875 0.65319 0.79875 0.743037 0.8943749999999999 0.743037 0.8943749999999999 0.65319