0 0.15562499999999999 0.602083 0.08249999999999999 0.602083 0.08249999999999999 0.697917 0.15562499999999999 0.697917 0.15562499999999999 0.602083
0 0.15125 0.5291669999999999 0.09625 0.5291669999999999 0.09625 0.604167 0.15125 0.604167 0.15125 0.5291669999999999
0 0.2 0.478125 0.13374999999999998 0.478125 0.13374999999999998 0.555208 0.2 0.555208 0.2 0.478125
0 0.213125 0.44583300000000003 0.1525 0.44583300000000003 0.1525 0.494792 0.213125 0.494792 0.213125 0.44583300000000003
0 0.271875 0.498958 0.21187499999999998 0.498958 0.21187499999999998 0.5802080000000001 0.271875 0.5802080000000001 0.271875 0.498958
0 0.316875 0.5291669999999999 0.265625 0.5291669999999999 0.265625 0.602083 0.316875 0.602083 0.316875 0.5291669999999999
0 0.34375 0.49270800000000003 0.28625 0.49270800000000003 0.28625 0.567708 0.34375 0.567708 0.34375 0.49270800000000003
0 0.36062500000000003 0.5333330000000001 0.31062500000000004 0.5333330000000001 0.31062500000000004 0.589583 0.36062500000000003 0.589583 0.36062500000000003 0.5333330000000001
0 0.381875 0.47604199999999997 0.32937500000000003 0.47604199999999997 0.32937500000000003 0.53125 0.381875 0.53125 0.381875 0.47604199999999997
0 0.39249999999999996 0.557292 0.335 0.557292 0.335 0.629167 0.39249999999999996 0.629167 0.39249999999999996 0.557292
0 0.429375 0.504167 0.370625 0.504167 0.370625 0.527083 0.429375 0.527083 0.429375 0.504167
0 0.41937499999999994 0.516667 0.375625 0.516667 0.375625 0.541667 0.41937499999999994 0.541667 0.41937499999999994 0.516667
0 0.428125 0.465625 0.379375 0.465625 0.379375 0.510417 0.428125 0.510417 0.428125 0.465625
0 0.44749999999999995 0.516667 0.40374999999999994 0.516667 0.40374999999999994 0.602083 0.44749999999999995 0.602083 0.44749999999999995 0.516667
0 0.484375 0.44375 0.42437500000000006 0.44375 0.42437500000000006 0.5375 0.484375 0.5375 0.484375 0.44375
0 0.480625 0.315625 0.433125 0.315625 0.433125 0.364583 0.480625 0.364583 0.480625 0.315625
0 0.50125 0.504167 0.43624999999999997 0.504167 0.43624999999999997 0.604167 0.50125 0.604167 0.50125 0.504167
0 0.45125000000000004 0.354167 0.43875000000000003 0.354167 0.43875000000000003 0.41354199999999997 0.45125000000000004 0.41354199999999997 0.45125000000000004 0.354167
0 0.48312499999999997 0.3375 0.45 0.3375 0.45 0.422917 0.48312499999999997 0.422917 0.48312499999999997 0.3375
0 0.64625 0.285417 0.45375 0.285417 0.45375 0.480208 0.64625 0.480208 0.64625 0.285417
0 0.526875 0.292708 0.464375 0.292708 0.464375 0.323958 0.526875 0.323958 0.526875 0.292708