0 0.28626399999999996 0.44191900000000006 0.151476 0.44191900000000006 0.151476 0.674242 0.28626399999999996 0.674242 0.28626399999999996 0.44191900000000006
0 0.130937 0.444444 0.012837000000000001 0.444444 0.012837000000000001 0.664141 0.130937 0.664141 0.130937 0.444444
0 0.15404400000000001 0.171717 0.035944 0.171717 0.035944 0.376263 0.15404400000000001 0.376263 0.15404400000000001 0.171717
0 0.301669 0.199495 0.174583 0.199495 0.174583 0.40404 0.301669 0.40404 0.301669 0.199495
0 0.44801 0.6414139999999999 0.346598 0.6414139999999999 0.346598 0.8257580000000001 0.44801 0.8257580000000001 0.44801 0.6414139999999999
0 0.446727 0.436869 0.368421 0.436869 0.368421 0.585859 0.446727 0.585859 0.446727 0.436869
0 0.453145 0.25 0.373556 0.25 0.373556 0.401515 0.453145 0.401515 0.453145 0.25
0 0.455712 0.11868700000000001 0.379974 0.11868700000000001 0.379974 0.24747499999999997 0.455712 0.24747499999999997 0.455712 0.11868700000000001
0 0.558408 0.27777799999999997 0.465982 0.27777799999999997 0.465982 0.41919199999999995 0.558408 0.41919199999999995 0.558408 0.27777799999999997
0 0.550706 0.13131299999999999 0.473684 0.13131299999999999 0.473684 0.24747499999999997 0.550706 0.24747499999999997 0.550706 0.13131299999999999
0 0.571245 0.65404 0.478819 0.65404 0.478819 0.818182 0.571245 0.818182 0.571245 0.65404
0 0.562259 0.44697 0.48652100000000004 0.44697 0.48652100000000004 0.611111 0.562259 0.611111 0.562259 0.44697
0 0.9987159999999999 0.083333 0.622593 0.083333 0.622593 0.977273 0.9987159999999999 0.977273 0.9987159999999999 0.083333