0 0.27625 0.701514 0.09375 0.701514 0.09375 0.910598 0.27625 0.910598 0.27625 0.701514
0 0.271875 0.056957 0.095 0.056957 0.095 0.267484 0.271875 0.267484 0.271875 0.056957
0 0.27625 0.38644599999999996 0.09812499999999999 0.38644599999999996 0.09812499999999999 0.593367 0.27625 0.593367 0.27625 0.38644599999999996
0 0.476875 0.060562000000000005 0.29125 0.060562000000000005 0.29125 0.266042 0.476875 0.266042 0.476875 0.060562000000000005
0 0.48187499999999994 0.38644599999999996 0.30625 0.38644599999999996 0.30625 0.59553 0.48187499999999994 0.59553 0.48187499999999994 0.38644599999999996
0 0.490625 0.701514 0.30625 0.701514 0.30625 0.910598 0.490625 0.910598 0.490625 0.701514
0 0.7268749999999999 0.40302800000000005 0.55125 0.40302800000000005 0.55125 0.610671 0.7268749999999999 0.610671 0.7268749999999999 0.40302800000000005
0 0.7268749999999999 0.711608 0.55125 0.711608 0.55125 0.917808 0.7268749999999999 0.917808 0.7268749999999999 0.711608
0 0.744375 0.051911 0.560625 0.051911 0.560625 0.273252 0.744375 0.273252 0.744375 0.051911
0 0.930625 0.711608 0.756875 0.711608 0.756875 0.917808 0.930625 0.917808 0.930625 0.711608
0 0.940625 0.060562000000000005 0.76125 0.060562000000000005 0.76125 0.269647 0.940625 0.269647 0.940625 0.060562000000000005
0 0.940625 0.40663299999999997 0.76375 0.40663299999999997 0.76375 0.614275 0.940625 0.614275 0.940625 0.40663299999999997