0 0 0 0 0.125833 0.105625 0.125833 0.105625 0 0 0
0 0 0.9991669999999999 0.20249999999999999 0.9991669999999999 0.20249999999999999 0.458333 0 0.458333 0 0.9991669999999999
0 0 0.289167 0.228125 0.289167 0.228125 0.0875 0 0.0875 0 0.289167
0 0.416875 0.225833 0.035625000000000004 0.225833 0.035625000000000004 0.508333 0.416875 0.508333 0.416875 0.225833
0 0.104375 0 0.104375 0.120833 0.349375 0.120833 0.349375 0 0.104375 0
0 0.78625 0.40499999999999997 0.215625 0.40499999999999997 0.215625 0.9658329999999999 0.78625 0.9658329999999999 0.78625 0.40499999999999997
0 0.5587500000000001 0.051667 0.224375 0.051667 0.224375 0.240833 0.5587500000000001 0.240833 0.5587500000000001 0.051667
0 0.336875 0 0.336875 0.0775 0.5862499999999999 0.0775 0.5862499999999999 0 0.336875 0
0 0.7581249999999999 0.205 0.415625 0.205 0.415625 0.44749999999999995 0.7581249999999999 0.44749999999999995 0.7581249999999999 0.205
0 0.78125 0.029167 0.503125 0.029167 0.503125 0.16999999999999998 0.78125 0.16999999999999998 0.78125 0.029167
0 0.58875 0 0.58875 0.051667 0.8275 0.051667 0.8275 0 0.58875 0
0 0.999375 0.144167 0.70375 0.144167 0.70375 0.368333 0.999375 0.368333 0.999375 0.144167
0 0.999375 0.395833 0.75125 0.395833 0.75125 0.775 0.999375 0.775 0.999375 0.395833
0 0.9862500000000001 0.043332999999999997 0.7525000000000001 0.043332999999999997 0.7525000000000001 0.161667 0.9862500000000001 0.161667 0.9862500000000001 0.043332999999999997
0 0.8275 0 0.8275 0.1 0.999375 0.1 0.999375 0 0.8275 0