0 0.20025300000000001 0.45062499999999994 0.008844000000000001 0.45062499999999994 0.008844000000000001 0.6381249999999999 0.20025300000000001 0.6381249999999999 0.20025300000000001 0.45062499999999994
0 0.205306 0.66875 0.017055999999999998 0.66875 0.017055999999999998 0.8637499999999999 0.205306 0.8637499999999999 0.205306 0.66875
0 0.29500899999999997 0.018125 0.093493 0.018125 0.093493 0.209375 0.29500899999999997 0.209375 0.29500899999999997 0.018125
0 0.293746 0.24874999999999997 0.098547 0.24874999999999997 0.098547 0.43499999999999994 0.293746 0.43499999999999994 0.293746 0.24874999999999997
0 0.46115000000000006 0.670625 0.23689200000000002 0.670625 0.23689200000000002 0.899375 0.46115000000000006 0.899375 0.46115000000000006 0.670625
0 0.46430800000000005 0.418125 0.241946 0.418125 0.241946 0.64 0.46430800000000005 0.64 0.46430800000000005 0.418125
0 0.574858 0.050624999999999996 0.392293 0.050624999999999996 0.392293 0.22125 0.574858 0.22125 0.574858 0.050624999999999996
0 0.569804 0.25375000000000003 0.395452 0.25375000000000003 0.395452 0.425 0.569804 0.425 0.569804 0.25375000000000003
0 0.718256 0.6756249999999999 0.499052 0.6756249999999999 0.499052 0.8875 0.718256 0.8875 0.718256 0.6756249999999999
0 0.720152 0.42312500000000003 0.499052 0.42312500000000003 0.499052 0.63625 0.720152 0.63625 0.720152 0.42312500000000003
0 0.816804 0.26437499999999997 0.6494 0.26437499999999997 0.6494 0.425 0.816804 0.425 0.816804 0.26437499999999997
0 0.818699 0.06625 0.652558 0.06625 0.652558 0.228125 0.818699 0.228125 0.818699 0.06625
0 0.9741 0.6743750000000001 0.747947 0.6743750000000001 0.747947 0.89625 0.9741 0.89625 0.9741 0.6743750000000001
0 0.977258 0.418125 0.7492099999999999 0.418125 0.7492099999999999 0.64 0.977258 0.64 0.977258 0.418125