0 0.261719 0.365885 0.09082 0.365885 0.09082 0.527344 0.261719 0.527344 0.261719 0.365885
0 0.365234 0.259115 0.155273 0.259115 0.155273 0.450521 0.365234 0.450521 0.365234 0.259115
0 0.47363299999999997 0.630208 0.202148 0.630208 0.202148 0.9674480000000001 0.47363299999999997 0.9674480000000001 0.47363299999999997 0.630208
0 0.507812 0.12890600000000002 0.30468799999999996 0.12890600000000002 0.30468799999999996 0.299479 0.507812 0.299479 0.507812 0.12890600000000002
0 0.583984 0.295573 0.34082 0.295573 0.34082 0.582031 0.583984 0.582031 0.583984 0.295573
0 0.542969 0.18359399999999998 0.34668 0.18359399999999998 0.34668 0.346354 0.542969 0.346354 0.542969 0.18359399999999998
0 0.634766 0.108073 0.48925799999999997 0.108073 0.48925799999999997 0.184896 0.634766 0.184896 0.634766 0.108073
0 0.676758 0.153646 0.513672 0.153646 0.513672 0.253906 0.676758 0.253906 0.676758 0.153646
0 0.595703 0.234375 0.52832 0.234375 0.52832 0.36718799999999996 0.595703 0.36718799999999996 0.595703 0.234375
0 0.733398 0.419271 0.536133 0.419271 0.536133 0.627604 0.733398 0.627604 0.733398 0.419271
0 0.683594 0.242188 0.56543 0.242188 0.56543 0.390625 0.683594 0.390625 0.683594 0.242188
0 0.923828 0.220052 0.708984 0.220052 0.708984 0.421875 0.923828 0.421875 0.923828 0.220052