2 0.446759259375 0.18799603125 0.46924603125 0.18849206406250002 0.5 0.193700396875 0.503637565625 0.1949404765625 0.50562169375 0.19717261875 0.5089285718750001 0.196428571875 0.5135582015625 0.1984126984375 0.5135582015625 0.19618055625 0.5115740734374999 0.1954365078125 0.5102513234375 0.1914682546875 0.50562169375 0.18675595312499998 0.5016534390625 0.1852678578125 0.49933862500000004 0.18725198437499999 0.49768518593750005 0.18725198437499999 0.4947089953125 0.18154761875 0.4953703703125 0.1738591265625 0.5013227515625001 0.16592261875 0.5089285718750001 0.1614583328125 0.5142195765625 0.1599702375 0.5224867718749999 0.1599702375 0.5294312171875 0.16071428593749998 0.5327380953125 0.16220238125 0.5393518515625 0.16220238125 0.5419973546875 0.1639384921875 0.5486111109375 0.17212301562500001 0.552579365625 0.1741071421875 0.55654761875 0.18055555625 0.5638227515625001 0.1825396828125 0.5691137562499999 0.1820436515625 0.5770502640624999 0.1760912703125 0.5882936515625 0.1582341265625 0.5945767203125001 0.1359126984375 0.596230159375 0.1170634921875 0.591269840625 0.09548611093750001 0.583994709375 0.08209325468749999 0.5763888890625 0.072420634375 0.5601851859375 0.059523809375 0.5370370375 0.04737103125 0.5119047625 0.04365079375 0.49305555625 0.0424107140625 0.471891534375 0.0448908734375 0.45105820156250004 0.0515873015625 0.43154761875 0.062251984375 0.4232804234375 0.069196428125 0.41335978906250004 0.081101190625 0.4080687828125 0.08556547656249999 0.40608465625 0.09548611093750001 0.400132275 0.1103670640625 0.3978174609375 0.12475198437499999 0.39748677187500003 0.13740079375 0.400132275 0.15699404687500002 0.4126984125 0.178075396875 0.4236111109375 0.1889880953125 0.428571428125 0.1897321421875 0.446759259375 0.18799603125
2 0.5820105812499999 0.21279761874999997 0.587632275 0.2202380953125 0.5958994703125 0.22544642812500001 0.5995370375 0.22941468281250002 0.6104497359375001 0.2301587296875 0.612103175 0.23371354218749998 0.6137566140625 0.2636408734375 0.6160714281249999 0.268601190625 0.6170634921875 0.275049603125 0.61904761875 0.2772817453125 0.6259920640625001 0.2790178578125 0.6332671953125 0.2790178578125 0.6626984125 0.27529761875 0.6739417984375 0.271825396875 0.684523809375 0.2633928578125 0.691137565625 0.262648809375 0.69973545 0.262648809375 0.7113095234375 0.2676091265625 0.7139550265625 0.27430555624999997 0.7169312171875 0.2770337296875 0.71858465625 0.275049603125 0.7235449734375 0.2733134921875 0.7278439156250001 0.26909722187499996 0.7361111109375 0.26661706406249996 0.740079365625 0.26240079375 0.7486772484374999 0.24801587343749998 0.753637565625 0.2328869046875 0.7546296296875 0.21626984062500001 0.752976190625 0.2085813484375 0.747354496875 0.196428571875 0.7321428578125 0.17906746093749998 0.728174603125 0.1765873015625 0.721560846875 0.1696428578125 0.7083333328125 0.161954365625 0.6927910046875 0.15600198437499999 0.6769179890625 0.153273809375 0.6491402109375 0.1522817453125 0.6326058203125 0.1540178578125 0.6074735453125 0.1612103171875 0.5925925921874999 0.16840277812499999 0.5767195765625 0.1798115078125 0.572089946875 0.18650793593749998 0.571759259375 0.1894841265625 0.583994709375 0.1994047625 0.5853174609375 0.2021329359375 0.5896164015625 0.2043650796875 0.590608465625 0.20907738125000003 0.5820105812499999 0.21279761874999997
2 0.5800264546875 0.2886904765625 0.5833333328125 0.2886904765625 0.5916005296875 0.2919146828125 0.59391534375 0.28720238125 0.59325396875 0.25669642812500004 0.5919312171875 0.25049603125000003 0.5889550265625 0.2445436515625 0.5833333328125 0.23685515937499999 0.577380953125 0.23239087343749998 0.57473545 0.22767857187499999 0.5704365078125 0.22470238125000003 0.56812169375 0.22147817500000003 0.5608465609375 0.21949404687500002 0.55654761875 0.2150297625 0.5535714281249999 0.21602182499999997 0.5515873015625 0.21875 0.5505952375 0.228174603125 0.5615079359374999 0.24032738125000003 0.5714285718750001 0.2673611109375 0.572089946875 0.2795138890625 0.5767195765625 0.2800099203125 0.5800264546875 0.2886904765625
2 0.3855820109375 0.318204365625 0.4077380953125 0.333829365625 0.41600529062499997 0.3382936515625 0.4232804234375 0.340773809375 0.4540343921875 0.3397817453125 0.4761904765625 0.340773809375 0.5052910046875 0.346726190625 0.5132275125 0.3457341265625 0.521494709375 0.343005953125 0.5291005296875 0.3390376984375 0.5370370375 0.334325396875 0.546296296875 0.3268849203125 0.5572089953125 0.3147321421875 0.55687830625 0.3102678578125 0.552579365625 0.3077876984375 0.5582010578125 0.2919146828125 0.565806878125 0.2948908734375 0.56812169375 0.2948908734375 0.56878306875 0.29340277812500004 0.5697751328125 0.2735615078125 0.5671296296875 0.2604166671875 0.559523809375 0.24404761874999997 0.5535714281249999 0.23511904687500002 0.5489417984375 0.23115079375 0.546626984375 0.2266865078125 0.5400132281250001 0.22123015937499999 0.5383597890625 0.218501984375 0.5324074078125001 0.2150297625 0.5300925921874999 0.2110615078125 0.51884920625 0.203125 0.5013227515625001 0.1984126984375 0.49636243437500005 0.19469246093749998 0.48148148125 0.19097222187500001 0.46428571406249997 0.1887400796875 0.44609788437500003 0.18849206406250002 0.4236111109375 0.19196428593749998 0.4126984125 0.19593253906250002 0.4044312171875 0.19717261875 0.3978174609375 0.20386904687500002 0.38095238125 0.21676587343749998 0.365079365625 0.237847221875 0.3611111109375 0.2601686515625 0.360119046875 0.2676091265625 0.362103175 0.2790178578125 0.36805555624999997 0.29588293593750004 0.3763227515625 0.309771825 0.3829365078125 0.3147321421875 0.3855820109375 0.318204365625
2 0.3736772484375 0.4702380953125 0.375661375 0.47271825468750006 0.3918650796875 0.48387896875 0.396164021875 0.4856150796875 0.415343915625 0.49032738125 0.4623015875 0.49801587343750003 0.48247354531250003 0.4982638890625 0.497023809375 0.497023809375 0.521164021875 0.49007936562500004 0.5350529093749999 0.4831349203125 0.5459656078124999 0.4742063484375 0.5482804234375 0.4697420640625 0.5545634921875 0.46552579375 0.559523809375 0.459325396875 0.559523809375 0.45510912656249997 0.5492724875 0.450148809375 0.54431216875 0.44940476250000005 0.541005290625 0.4454365078125 0.5479497359375001 0.43402777812500004 0.55687830625 0.43675595312500004 0.56812169375 0.43824404687499996 0.5714285718750001 0.42881944375 0.571759259375 0.41840277812500004 0.56812169375 0.40228174531249994 0.5621693125 0.38963293593750004 0.5499338625 0.37450396874999997 0.5300925921874999 0.360119046875 0.509920634375 0.35069444375000003 0.4894179890625 0.34424603125000003 0.47089947031249996 0.3417658734375 0.446759259375 0.340773809375 0.4365079359375 0.3422619046875 0.42261904687499996 0.3425099203125 0.41633597812499995 0.34375 0.3921957671875 0.35342261875 0.37599206406249996 0.3643353171875 0.36904761875 0.37053571406249997 0.3611111109375 0.380704365625 0.353174603125 0.39409722187499996 0.3492063484375 0.40401785781250005 0.3478835984375 0.4117063484375 0.3478835984375 0.428075396875 0.3492063484375 0.43551587343750003 0.35350529062499997 0.446924603125 0.3614417984375 0.45907738125 0.36904761875 0.4675099203125 0.3736772484375 0.4702380953125
2 0.63128306875 0.53174603125 0.665674603125 0.5245535718750001 0.6679894187500001 0.5233134921875 0.671957671875 0.5168650796875001 0.677579365625 0.5116567453124999 0.68154761875 0.5101686515625 0.6914682546875001 0.509424603125 0.696759259375 0.5116567453124999 0.7050264546875 0.5114087296875 0.7136243390625 0.513144840625 0.7175925921874999 0.5166170640625001 0.7208994703125 0.5173611109375 0.7228835984375 0.5248015875 0.7324735453125 0.52802579375 0.733796296875 0.531498015625 0.740079365625 0.5357142859375 0.7450396828125 0.5208333328125 0.7453703703125 0.505704365625 0.74404761875 0.497271825 0.740079365625 0.48635912656249997 0.7321428578125 0.4739583328125 0.7166005296875 0.45882936562500004 0.7046957671875 0.45114087343750003 0.6954365078125 0.44717261875 0.677579365625 0.44122023749999995 0.662367725 0.4375 0.6580687828125 0.437251984375 0.6541005296875 0.43824404687499996 0.6335978843750001 0.437251984375 0.627645503125 0.43799603125 0.6226851859375 0.434771825 0.61904761875 0.4365079359375 0.615410053125 0.45089285781250005 0.615410053125 0.47842261875 0.6137566140625 0.48635912656249997 0.6147486765625 0.5133928578125 0.6173941796875 0.52529761875 0.6230158734375 0.53174603125 0.63128306875 0.53174603125
2 0.5446428578125 0.547123015625 0.547619046875 0.5538194437499999 0.55621693125 0.56200396875 0.5611772484374999 0.5644841265625 0.5648148140625 0.5691964281249999 0.5800264546875 0.5761408734375 0.583664021875 0.5761408734375 0.5859788359375 0.571924603125 0.5886243390625 0.5533234125 0.587632275 0.5225694437499999 0.5889550265625 0.500248015625 0.5859788359375 0.478174603125 0.5833333328125 0.47098214218749995 0.5800264546875 0.4677579359375 0.5760582015625 0.46676587343750003 0.5701058203125 0.46180555625 0.5641534390625 0.459325396875 0.5621693125 0.4632936515625 0.5539021156249999 0.468501984375 0.5446428578125 0.47867063437499996 0.5380290999999999 0.48363095312500004 0.53174603125 0.49429563437499996 0.5304232796874999 0.5012400796875001 0.5300925921874999 0.5138888890625 0.53174603125 0.528769840625 0.5330687828125 0.531994046875 0.5400132281250001 0.5396825390625 0.540674603125 0.5448908734375 0.5446428578125 0.547123015625
2 0.650132275 0.5833333328125 0.677910053125 0.5798611109375 0.6921296296875 0.5758928578125 0.708664021875 0.5689484125 0.728505290625 0.552579365625 0.7321428578125 0.5486111109375 0.7361111109375 0.5404265875 0.728835978125 0.5362103171875 0.7232142859375 0.537450396875 0.721230159375 0.5389384921875 0.71825396875 0.53720238125 0.71825396875 0.5332341265625 0.715277778125 0.53174603125 0.708994709375 0.5322420640625001 0.70568783125 0.537450396875 0.7013888890625 0.5364583328125 0.6960978843750001 0.536954365625 0.6921296296875 0.5394345234375 0.690476190625 0.5448908734375 0.6785714281249999 0.5478670640625001 0.677579365625 0.54737103125 0.6742724875 0.5488591265625 0.6699735453125 0.5478670640625001 0.665674603125 0.5451388890625 0.63095238125 0.546130953125 0.625661375 0.5483630953125 0.6164021156249999 0.5667162703125 0.615079365625 0.5716765875 0.615079365625 0.5801091265625 0.61904761875 0.5820932546875001 0.6339285718750001 0.5830853171875 0.646825396875 0.5823412703125 0.650132275 0.5833333328125
2 0.6620370375 0.37847222187499996 0.6653439156250001 0.3891369046875 0.646825396875 0.39384920625 0.6445105812499999 0.396329365625 0.63723545 0.39955357187499996 0.6339285718750001 0.403769840625 0.6269841265625 0.406001984375 0.6246693125 0.408978175 0.622354496875 0.41617063437499996 0.6200396828125 0.42782738125 0.6200396828125 0.43526785781250005 0.627976190625 0.437251984375 0.6554232796874999 0.4375 0.665674603125 0.4360119046875 0.6772486765625 0.43675595312500004 0.7083333328125 0.428571428125 0.7245370375 0.4206349203125 0.7361111109375 0.4117063484375 0.747354496875 0.3998015875 0.75562169375 0.3866567453125 0.759589946875 0.3730158734375 0.7585978843750001 0.356646825 0.75628306875 0.34697420625 0.7496693125 0.33407738125 0.740079365625 0.3216765875 0.715939153125 0.30654761875 0.674603175 0.29241071406249997 0.671957671875 0.29017857187499996 0.666335978125 0.2884424609375 0.659060846875 0.28993055624999997 0.650132275 0.28993055624999997 0.6418650796875001 0.2926587296875 0.6385582015625 0.2919146828125 0.6253306875 0.296875 0.6197089953125 0.30654761875 0.6167328046875 0.32142857187499996 0.6170634921875 0.362351190625 0.61871693125 0.3710317453125 0.6226851859375 0.38169642812500004 0.6263227515625001 0.3841765875 0.63062169375 0.3851686515625 0.6620370375 0.37847222187499996
2 0.578373015625 0.4208829359375 0.5830026453125 0.42261904687499996 0.5879629625 0.4268353171875 0.5922619046875 0.42782738125 0.5952380953125 0.421626984375 0.596230159375 0.4136904765625 0.5949074078125001 0.3948412703125 0.5958994703125 0.3888888890625 0.5949074078125001 0.3762400796875 0.596230159375 0.372271825 0.5945767203125001 0.346230159375 0.590277778125 0.3296130953125 0.583664021875 0.32217261875 0.5796957671875 0.32118055624999997 0.5760582015625 0.322420634375 0.5677910046875 0.328869046875 0.55654761875 0.3457341265625 0.5515873015625 0.3648313484375 0.5512566140625 0.36904761875 0.553240740625 0.37549603125000003 0.559523809375 0.3821924609375 0.563161375 0.388144840625 0.5750661375 0.41741071406249997 0.578373015625 0.4208829359375
2 0.353835978125 0.646329365625 0.37929894218750004 0.6498015875 0.3984788359375 0.6493055562500001 0.43187830624999995 0.64657738125 0.4513888890625 0.6418650796875001 0.459325396875 0.6386408734375 0.46494709062500006 0.63467261875 0.4613095234375 0.6304563484375 0.4520502640625 0.6135912703125 0.447089946875 0.6103670640625001 0.4388227515625 0.6103670640625001 0.43419312187500003 0.6044146828125 0.4328703703125 0.5949900796875001 0.434523809375 0.58779761875 0.434523809375 0.5796130953125 0.4391534390625 0.5709325390625 0.44312169375000005 0.568204365625 0.452711640625 0.5669642859375 0.48148148125 0.5587797625 0.49007936562500004 0.559027778125 0.49338624375 0.560019840625 0.49768518593750005 0.559027778125 0.5009920640625001 0.559771825 0.50628306875 0.55927579375 0.509589946875 0.5607638890625 0.5115740734374999 0.5605158734375 0.5109126984375 0.556299603125 0.5145502640624999 0.5548115078125 0.515542328125 0.5518353171875 0.5082671953125 0.5367063484375 0.4986772484375 0.5245535718750001 0.48511904687499996 0.5133928578125 0.4705687828125 0.5054563484375 0.45701058124999994 0.5 0.4236111109375 0.493799603125 0.41931216875 0.4920634921875 0.39947089999999996 0.4895833328125 0.3789682546875 0.4898313484375 0.3647486765625 0.49156746093750003 0.3422619046875 0.49776785781250005 0.339947090625 0.49950396875 0.3330026453125 0.5017361109375 0.3141534390625 0.5133928578125 0.2986111109375 0.528769840625 0.290674603125 0.5404265875 0.2867063484375 0.5510912703125 0.2833994703125 0.56572420625 0.284391534375 0.58407738125 0.2896825390625 0.599454365625 0.3005952375 0.615079365625 0.3148148140625 0.62822420625 0.3303571421875 0.637896825 0.353835978125 0.646329365625
2 0.6207010578125 0.6646825390625 0.6230158734375 0.6793154765625 0.6051587296875 0.6884920640625001 0.603835978125 0.693204365625 0.6005290999999999 0.6966765875 0.6001984125 0.7011408734375 0.5949074078125001 0.713045634375 0.5916005296875 0.72470238125 0.5955687828125 0.7289186515625 0.6183862437500001 0.7328869046875 0.6580687828125 0.733630953125 0.68187830625 0.7301587296875 0.6987433859375 0.724454365625 0.708664021875 0.719494046875 0.7242063484375 0.7095734125 0.7324735453125 0.7016369046875 0.740079365625 0.6922123015625 0.747023809375 0.677579365625 0.7490079359374999 0.6636904765625 0.7480158734375 0.6458333328125 0.74404761875 0.6341765875 0.734788359375 0.619295634375 0.7251984125 0.609623015625 0.709325396875 0.5982142859375 0.69312169375 0.591269840625 0.6891534390625 0.591021825 0.6808862437500001 0.58779761875 0.6544312171875 0.5835813484375 0.61937830625 0.58407738125 0.615079365625 0.5853174609375 0.61276455 0.59052579375 0.6124338625 0.6076388890625 0.6081349203124999 0.6267361109375 0.60615079375 0.6552579359374999 0.6074735453125 0.659226190625 0.612103175 0.6634424609375 0.6207010578125 0.6646825390625
2 0.5482804234375 0.6783234125 0.5386904765625 0.68154761875 0.5376984125 0.686755953125 0.5449735453125 0.6912202375 0.5605158734375 0.690476190625 0.5674603171875 0.685019840625 0.5694444437499999 0.681795634375 0.5763888890625 0.653769840625 0.577711640625 0.6316964281249999 0.5767195765625 0.619295634375 0.57473545 0.61532738125 0.5641534390625 0.612847221875 0.5608465609375 0.6108630953125 0.552579365625 0.6106150796875001 0.5482804234375 0.6138392859375 0.540674603125 0.6232638890625 0.5330687828125 0.6393849203124999 0.53075396875 0.6495535718750001 0.5304232796874999 0.6669146828125 0.5320767203125001 0.67137896875 0.5330687828125 0.672123015625 0.5393518515625 0.672123015625 0.5479497359375001 0.67509920625 0.5482804234375 0.6783234125
2 0.34424603125000003 0.786954365625 0.35747354531250003 0.79737103125 0.3677248671875 0.80282738125 0.3826058203125 0.8087797625 0.400132275 0.8110119046875001 0.4295634921875 0.81200396875 0.45667989374999995 0.80927579375 0.46957672031250003 0.80654761875 0.48115079375 0.80282738125 0.503306878125 0.7926587296875 0.5145502640624999 0.78447420625 0.53075396875 0.7678571421875 0.5363756609375 0.75595238125 0.5390211640625 0.75322420625 0.54365079375 0.7415674609375 0.5456349203124999 0.7323908734375 0.5453042328125 0.7175099203124999 0.5429894187500001 0.7095734125 0.541335978125 0.7080853171875 0.5165343921875001 0.706597221875 0.5019841265625 0.7075892859375 0.49801587343750003 0.708829365625 0.4861111109375 0.708829365625 0.4857804234375 0.6865079359374999 0.49570105781249996 0.6852678578125 0.5 0.6790674609375 0.5052910046875 0.6763392859375 0.509920634375 0.6760912703125 0.515211640625 0.6741071421875 0.515211640625 0.6696428578125 0.5105820109375 0.665674603125 0.49768518593750005 0.6579861109375 0.4920634921875 0.65674603125 0.48644179843749996 0.653521825 0.477843915625 0.6522817453124999 0.47255290937499994 0.6495535718750001 0.45899470937500003 0.6475694437499999 0.43154761875 0.6478174609375 0.40839947031249996 0.6507936515625 0.387896825 0.6515376984375 0.36904761875 0.6552579359374999 0.3492063484375 0.6649305562500001 0.33002645468749997 0.6800595234375 0.31845238125 0.69717261875 0.3141534390625 0.7070932546875001 0.3125 0.715277778125 0.31150793593750004 0.7301587296875 0.3128306875 0.744295634375 0.31679894218750004 0.7554563484375 0.322089946875 0.7643849203124999 0.328703703125 0.768601190625 0.34424603125000003 0.786954365625
2 0.533730159375 0.87177579375 0.5416666671875 0.8814484125 0.5492724875 0.887648809375 0.5648148140625 0.8970734125 0.583664021875 0.9042658734375 0.603174603125 0.9082341265625 0.6269841265625 0.908730159375 0.6362433859375 0.9079861109375 0.6620370375 0.9020337296875001 0.68154761875 0.893105159375 0.7010582015625 0.8787202375 0.708994709375 0.8695436515624999 0.7175925921874999 0.8549107140625001 0.7225529093749999 0.84052579375 0.7238756609375 0.8258928578125 0.7205687828125 0.8040674609374999 0.7142857140625 0.790674603125 0.7050264546875 0.7767857140625 0.69312169375 0.7638888890625 0.6729497359375001 0.749255953125 0.6583994703125 0.7418154765625 0.625661375 0.734623015625 0.6114417984375 0.7331349203124999 0.60615079375 0.73387896875 0.5916005296875 0.7333829359374999 0.5863095234375 0.7398313484375 0.5823412703125 0.7539682546875001 0.5489417984375 0.7522321421875 0.5482804234375 0.750248015625 0.54398148125 0.749255953125 0.5403439156250001 0.7517361109375 0.5400132281250001 0.7542162703125 0.5320767203125001 0.7676091265625 0.528108465625 0.7708333328125 0.5234788359375 0.7775297625 0.5085978843750001 0.79092261875 0.5049603171875 0.7983630953125 0.5039682546875001 0.8189484125 0.50562169375 0.8298611109375 0.509589946875 0.841021825 0.521164021875 0.8616071421875 0.528439153125 0.868799603125 0.533730159375 0.87177579375