2 0.39715250156250004 0.22445332499999998 0.3944548921875 0.2232308296875 0.3824019546875 0.22558831562499998 0.3779059359375 0.22355082343750002 0.3730017359375 0.2255601359375 0.365275434375 0.225554575 0.348830146875 0.2305213109375 0.3379115125 0.23744062812500003 0.3343526515625 0.24070358125000002 0.33485755625 0.242588309375 0.3433099828125 0.2512025046875 0.350005646875 0.251292978125 0.357645409375 0.25539910625 0.3660807078125 0.25526599375000003 0.369003234375 0.250610721875 0.367540346875 0.24727991249999998 0.37040409687500003 0.24158605937500002 0.377165478125 0.241430328125 0.37992186562499997 0.2436914046875 0.38042677343750003 0.24557613125 0.3859293578125 0.2400661890625 0.3953504 0.2362400046875 0.3999468421875 0.23160735 0.4079360078125 0.23062809374999999 0.4159112921875 0.2322184109375 0.418432578125 0.23032515625 0.41394349999999996 0.22700287812500003 0.39715250156250004 0.22445332499999998
2 0.44648097656249996 0.23475646718749998 0.4409404390625 0.2353734625 0.43576643437499996 0.23965238125 0.4284205484375 0.24073916875 0.42703726093750005 0.2345925796875 0.424581690625 0.2362396296875 0.41602189999999994 0.235580365625 0.41138056718750005 0.236604859375 0.4026476984375 0.2441467328125 0.4021080859375 0.248685946875 0.4057636765625 0.251354521875 0.39870472343749996 0.2589190140625 0.392389475 0.2599208890625 0.391023315625 0.2625216140625 0.3879901796875 0.2638149296875 0.37922630156250003 0.2651790671875 0.36383247343749997 0.266206528125 0.3590078734375 0.265400059375 0.35749315312499996 0.25974588125000003 0.354335528125 0.2602468171875 0.3488676484375 0.2593328203125 0.347529253125 0.2567943921875 0.3421997484375 0.2541031984375 0.34253527031250003 0.2515873859375 0.335590621875 0.24991215625000002 0.33490245 0.24619646718750002 0.32937579375000003 0.2442438875 0.32503527499999996 0.24917650937500002 0.3167726078125 0.26502705 0.3136112890625 0.2781296625 0.3157794734375 0.2939234703125 0.3222085796875 0.307600434375 0.3342369953125 0.3216989890625 0.3432808671875 0.32809734375 0.368458575 0.3395072953125 0.39476734062499996 0.34416219375 0.4083488796875 0.3448893109375 0.4241300640625 0.343669409375 0.436891996875 0.34117324843749997 0.43890143593750003 0.3386800546875 0.4433525625 0.3371093875 0.44743021406250005 0.333161584375 0.4562773875 0.3163799921875 0.46530088750000004 0.3027141484375 0.4792392203125 0.273152528125 0.480100471875 0.26866707968750003 0.47340850156250003 0.2559749328125 0.45849920781250003 0.23882292187499998 0.44648097656249996 0.23475646718749998
2 0.66048409375 0.3569444171875 0.6571260765625 0.3468670828125 0.649147546875 0.3339598765625 0.637682809375 0.3227846328125 0.6215110234375001 0.3128800859375 0.5991415359375 0.3060545828125 0.5755891578125001 0.30366076406250003 0.5604581937499999 0.30370340625000003 0.54673828125 0.30475348593749996 0.54292349375 0.3077164703125 0.541249578125 0.307693853125 0.5390707546875 0.3057865078125 0.5260459578125001 0.3092674890625 0.5188833374999999 0.3121852359375 0.5036380687500001 0.3214675984375 0.5009126937499999 0.32538425625 0.504692775 0.3288452109375 0.49680033437500004 0.335756 0.4915296015625 0.3341033890625 0.486020075 0.34089811718749996 0.482433446875 0.3493002234375 0.4782863828125 0.36609590625 0.4797006796875 0.3784202296875 0.4819105140625 0.386505309375 0.48649631718749997 0.3957591203125 0.49282175468749995 0.40478934375 0.504227715625 0.41492600468749996 0.510259278125 0.41876331093749997 0.5243179578125 0.4265143078125 0.5432081796875 0.433786984375 0.5601236671875001 0.4371289140625 0.5757007625 0.437932415625 0.592388090625 0.43583522500000005 0.6080586671875 0.43125336875000003 0.6280109859375 0.42070030625 0.638161846875 0.4128810828125 0.65085481875 0.3993142390625 0.6557867828124999 0.392165775 0.658526040625 0.3856795421875 0.6616285875 0.371538346875 0.66048409375 0.3569444171875
2 0.3289861890625 0.3640291375 0.31281070781250003 0.3667262671875 0.29520335000000003 0.372270325 0.285000653125 0.377766178125 0.27465958437500004 0.385039228125 0.269727621875 0.3921876921875 0.27248400781250004 0.39444877031250003 0.2744795640625 0.39452515312499997 0.283191609375 0.39083764374999996 0.2859549375 0.391813934375 0.29748214375000004 0.3914260859375 0.3019193890625 0.39242499531249997 0.31110532968750004 0.384444475 0.3243272765625 0.3802248828125 0.3303727203125 0.3814926125 0.33910189375 0.386552415625 0.34704616875 0.3819649984375 0.3556855546875 0.37980848125 0.369398525 0.380043190625 0.3793244734375 0.3781017328125 0.38204984999999997 0.3741850765625 0.37511908437499997 0.3699402703125 0.3605207921875 0.3667284859375 0.3440514359375 0.36423269999999996 0.3289861890625 0.3640291375
2 0.41289952812499997 0.3844856234375 0.408088809375 0.38110957968750003 0.40429484687499995 0.3802182 0.39997515156249996 0.3812964578125 0.3910590171875 0.3870073703125 0.386621771875 0.38600846093749996 0.37785789375 0.3873726 0.3437983078125 0.39916818125 0.32959061875 0.40708084375000003 0.3201108015625 0.4098684453125 0.3172021578125 0.4119541390625 0.3020332421875 0.407103834375 0.30244836406250003 0.40177224375 0.3005254640625 0.40016486875 0.29537922499999997 0.3993046375 0.27960498125 0.3992397484375 0.276118775 0.4009717109375 0.26459850937499996 0.40007477031249994 0.2618213 0.40166805468750005 0.2593518453125 0.40588468125 0.2569860609375 0.41474805000000003 0.2561558203125 0.425411234375 0.25920932812499997 0.444182115625 0.26577680625 0.4560818828125 0.2803783453125 0.4706105546875 0.2892320078125 0.4764627359375 0.3020767859375 0.4824676796875 0.3093430734375 0.484196675 0.31467258125 0.48688786874999995 0.3355791828125 0.49038256406249997 0.3507689203125 0.4913785046875 0.3706726515625 0.4898189609375 0.3789904 0.487608678125 0.3819439328125 0.4891311421875 0.3816602453125 0.493970325 0.3927487125 0.4675329828125 0.400032578125 0.4540907265625 0.4179037 0.399724728125 0.419553546875 0.3922848234375 0.41289952812499997 0.3844856234375
2 0.418016653125 0.46224069375 0.4235710734375 0.45905412187500005 0.432279875 0.444049725 0.43484280625 0.43444774375 0.435600390625 0.425315553125 0.4342967046875 0.41635318281249994 0.43122561875 0.41275355156250004 0.42238863281250005 0.43956724375 0.4193726265625 0.44960787187499995 0.418016653125 0.46224069375
2 0.5907614156250001 0.49857477499999997 0.58291431875 0.4851751609375 0.5732479875000001 0.47481491406250004 0.5576607078125 0.4639793140625 0.5465555609375 0.45775078125 0.5335724109375 0.45352303281250006 0.521049275 0.4475718515625 0.505997909375 0.4447987140625 0.4843684296875 0.44401227031249996 0.4678782484375 0.44537084687500006 0.45001496875 0.450614934375 0.42819158437500004 0.4618839921875 0.4238510671875 0.466816615625 0.42260939999999997 0.47020971562499997 0.42843687187499996 0.47607042499999996 0.41339569374999996 0.48332938593749997 0.41224056718749996 0.48262191874999993 0.4051020140625 0.49300219062500006 0.4028088875 0.5003345671874999 0.401722721875 0.51069778125 0.4034586578125 0.5230758703125 0.40917876875000003 0.536891509375 0.41492664062499995 0.5455679984375 0.421843525 0.5523823796875 0.44031168281250005 0.5662714359375001 0.45507241875000004 0.5751685453125 0.4720985171875 0.5818724296875 0.48637516875 0.58503045 0.5036192390625 0.58714135625 0.5195906296875 0.5864676281250001 0.53873353125 0.5827233875 0.55357061875 0.577487828125 0.5731425203125 0.56584241875 0.5805300546875001 0.5570469046875 0.5883984250000001 0.54267359375 0.5921234281250001 0.5324942906250001 0.5946035171874999 0.5143912015625001 0.5907614156250001 0.49857477499999997
2 0.34745489375 0.5327464515625 0.34300376875 0.5343171203125 0.32929079687499996 0.5340824109375 0.3203954859375 0.5359389578125 0.3148618890625 0.535271165625 0.2960545109375 0.5364995953125 0.28599019062500003 0.5402182515625 0.27413070781250004 0.5544387984375 0.2688460921875 0.5553557640625 0.26134795 0.560789321875 0.2569176484375 0.5585056265625 0.24957176093750003 0.5595924140624999 0.247071296875 0.5576313046875 0.2491395125 0.55617669375 0.2511628328125 0.551113925 0.2475003 0.5497301359375 0.2436336796875 0.55036975 0.24056953593750002 0.5454853296875 0.24072179062500002 0.5411385578125001 0.2379135703125 0.5365541078125 0.2394699375 0.534499559375 0.243841465625 0.5357446734375 0.2479709515625 0.534120240625 0.247670134375 0.5302121125 0.24550519375 0.5257351906250001 0.24618317968749998 0.5194187796875 0.243630884375 0.5151342999999999 0.23772381406249998 0.5120893718749999 0.23683849218750003 0.5091122984374999 0.23144326875000001 0.5066673078124999 0.22711663437500001 0.509030353125 0.2155996140625 0.5194503015625 0.204251978125 0.5342707859375 0.2019727328125 0.5390335859375 0.19794321875 0.5579064359375 0.20167101718749997 0.58296258125 0.20470739531249998 0.5929861515625 0.209870765625 0.6025936953125 0.214726375 0.6095778984375 0.22189918125000002 0.61669225 0.2358194890625 0.6262204421875001 0.2462882953125 0.6310566578125 0.2579191703125 0.6353155515625 0.2767644984375 0.63898006875 0.3021948828125 0.6393731046875 0.3230117 0.63565148125 0.327902015625 0.6362117453125 0.332854803125 0.6252089171875 0.3376483921875 0.61983765 0.34580045312499996 0.6006251578125 0.364664259375 0.5412813 0.3646193671875 0.5376731390625 0.36295933125 0.5350809453125 0.34745489375 0.5327464515625
2 0.3619222046875 0.512532084375 0.34805373125 0.5053272609375 0.314558275 0.4961275890625 0.29487251875 0.4930941578125 0.286181296875 0.49292730156250003 0.278835409375 0.4940140890625 0.2712405421875 0.49351611875 0.25022657812500004 0.49797635625 0.2437729515625 0.500755428125 0.2386646640625 0.5047881421875 0.240698171875 0.509757471875 0.24294271093750003 0.5114186125 0.24872528906250002 0.5136711609375 0.2644856515625 0.5163056234375001 0.2686808546875 0.5144349874999999 0.27305932187500004 0.5143953125 0.27561162031249997 0.51867979375 0.2749475171875 0.5224266281250001 0.27893862812500003 0.5225793921874999 0.28143215 0.5258252890625 0.28947315156250003 0.527169403125 0.2983027453125 0.5255590609375 0.3012771046875 0.5232271609375 0.30578700625 0.5226950765625 0.326122984375 0.52455125 0.3418384546875 0.523577553125 0.35446895624999997 0.521573803125 0.3622230203125 0.5164402124999999 0.3619222046875 0.512532084375
2 0.3909031625 0.5827026390625 0.3925599515625 0.57397794375 0.393307346875 0.5548136546875 0.3912946640625 0.5459899609375001 0.385664340625 0.5393906375 0.38209853437499997 0.5439383796875 0.376671853125 0.559234215625 0.361671421875 0.6066215749999999 0.36169548906250004 0.614084096875 0.365167815625 0.6149217124999999 0.36968465781250004 0.6131048406249999 0.37874610937500003 0.60433194375 0.387835321875 0.59041989375 0.3909031625 0.5827026390625
2 0.54719389375 0.72096249375 0.5590464359375 0.708026734375 0.56523395 0.69491559375 0.5695851046875 0.6760965078125001 0.5692602171875001 0.66472585625 0.5657915890625 0.6512865671875 0.5550048375000001 0.6337949125 0.5453972859375 0.6244732484375 0.5323104671875 0.6155987578125 0.5149766109375 0.60627153125 0.49665701249999994 0.600637378125 0.47279687656249997 0.5956202187499999 0.4577316296875 0.5954166562500001 0.4365343984375 0.5980459312499999 0.42860400624999995 0.6000637734375001 0.41544083593750003 0.6053219484375 0.40303849375 0.612764821875 0.39534320156249997 0.6189369953125 0.3891246796875 0.625870403125 0.382373484375 0.6360582328125 0.38105221718750004 0.6422671140625 0.385226596875 0.6442508421875 0.3880417578125 0.647550503125 0.3798207375 0.6556923140625 0.378278253125 0.6551772875 0.3765973953125 0.65643945625 0.37483693906250004 0.6605174078125 0.37472957500000004 0.6684723406249999 0.378630453125 0.68532735 0.389285771875 0.7033114140625 0.402161559375 0.7154940937500001 0.4201178703125 0.7287832140625 0.4346953390625 0.735849359375 0.4453612953125 0.7399469609375 0.46735730625 0.7443953265625 0.48158212499999997 0.745229975 0.49807230625 0.7438713984375 0.5184499312499999 0.73801884375 0.5319416859375 0.73152964375 0.54719389375 0.72096249375
2 0.3282227546875 0.6841026359375 0.327593359375 0.6814255296875 0.32397571875 0.6836499 0.3181376109375 0.691675653125 0.312524415625 0.6938236437499999 0.30532384375 0.69184844375 0.30310706875000004 0.6850481515625 0.297770621875 0.6836417453125 0.2746574328125 0.6833788578125 0.271368375 0.6843722046875 0.2672527703125 0.6834270609375 0.2526336546875 0.6840696421875 0.2465086140625 0.685617690625 0.2271893875 0.6862461828125 0.22453666874999997 0.688631846875 0.22016144531249998 0.6999884093750001 0.214987440625 0.704267328125 0.21060897343749999 0.7043070015625 0.20361943125 0.699023615625 0.1978368515625 0.696771065625 0.18349448125 0.6938592515625001 0.17746986250000002 0.68873715625 0.1810773140625 0.6764806859375 0.1800675015625 0.6727112328125 0.190035096875 0.663061046875 0.19083063281249998 0.658821803125 0.1943964359375 0.6542740609375 0.195316465625 0.6508271953125 0.1933278515625 0.649466025 0.1892710203125 0.6495594640625 0.1748143484375 0.6558873703125 0.15594449999999999 0.6686788921875 0.1453924 0.679260134375 0.13915999375000002 0.688763115625 0.1350545765625 0.6978500703125 0.130783021875 0.713853375 0.1304646265625 0.725116496875 0.135008784375 0.7420790359375 0.1441355015625 0.756978496875 0.156170859375 0.7697922625 0.1711148609375 0.78052033125 0.185114765625 0.7872327453125 0.210254521875 0.7937497515625 0.229691296875 0.7951984265625 0.25023830625 0.7937464109375 0.268744865625 0.7886098515625 0.28997680312499996 0.7795566375 0.30483471562500003 0.7704667140625 0.3219200375 0.75429061875 0.3294528875 0.74243311875 0.33501794375 0.7253600859375 0.3361906484375 0.7108963015625 0.3347763515625 0.698571978125 0.331739971875 0.6885484078124999 0.3282227546875 0.6841026359375
2 0.3094676625 0.6637358734375 0.30909418906249997 0.6613587375 0.29876375624999996 0.654745325 0.288616590625 0.6499628734375 0.27858697499999996 0.647257590625 0.2545296890625 0.64297904375 0.23064178750000003 0.6431010374999999 0.21080377499999997 0.644414378125 0.2058926328125 0.6477084796875 0.20323297343750002 0.6513789296875 0.20136190781250002 0.652094928125 0.20170761874999998 0.6596112140625 0.1998226703125 0.6628967859375 0.20032757656250003 0.6647815125000001 0.20527667031250002 0.666380359375 0.2146111703125 0.66665474375 0.219553321875 0.6695383796875001 0.22746288906249998 0.6713749 0.2334565 0.6703192609374999 0.24780580937500002 0.6719462875 0.2551308734375 0.6747138640625 0.269743046875 0.6753560703125 0.274450096875 0.6740853718750001 0.2761966703125 0.6725769984375 0.28398868906249997 0.6723363546875001 0.2914729484375 0.6694723687499999 0.29464445625 0.6664018546875 0.3080357859375 0.6665828 0.3094676625 0.6637358734375