2 0.5687424515624999 0.5917769046875 0.55741943125 0.5749310734375 0.5460262593749999 0.5631172328125 0.533383475 0.5535304 0.5096458703125 0.5411889015625 0.503759353125 0.5396352609374999 0.4983336140625 0.5368143484375001 0.4891628328125 0.536429871875 0.48493488593749995 0.5403960546875 0.483836346875 0.5450303578125 0.4804010140625 0.5437922265624999 0.47643853593749996 0.544608775 0.4693871109375 0.548476846875 0.46815962187500004 0.5504413859375 0.42783130312499995 0.5375562984375 0.4268692859375 0.5363712031250001 0.42264512343750005 0.5360928031250001 0.40591789062499994 0.5413686140625 0.401055971875 0.5444572421875 0.3960208609375 0.5454010453125 0.38314549531250003 0.551172653125 0.370026784375 0.5598314234374999 0.35411747656250003 0.580600890625 0.34784351875 0.5962429765625 0.3466489140625 0.6104163234375 0.348082478125 0.622805421875 0.3511158203125 0.6330125843750001 0.3557672796875 0.6450199265625 0.3692760203125 0.665330896875 0.38565627187499996 0.6809704578125 0.40112253593749997 0.6906554 0.424709071875 0.700589603125 0.44764329687500004 0.7056641390625 0.4662686609375 0.7072655703125 0.48793873125 0.7063404171875 0.5132027734375 0.700571528125 0.5293845234375001 0.6933682890624999 0.548286715625 0.679086340625 0.55849724375 0.6671347562500001 0.570444071875 0.6471818375 0.57485656875 0.6326267359375 0.57548356875 0.616788428125 0.572870546875 0.601594346875 0.5687424515624999 0.5917769046875
2 0.3931587171875 0.46596821874999994 0.3851604171875 0.451672865625 0.360011371875 0.42667979999999994 0.354629878125 0.423333946875 0.3534725453125 0.42026649374999997 0.3491636828125 0.4167933890625 0.3335608984375 0.41292784375 0.32533380312500004 0.40974635 0.315901340625 0.40826692500000006 0.307298165625 0.4095474109375 0.2992847171875 0.4122303890625 0.296634428125 0.41427710624999997 0.2937186734375 0.41947345625 0.29334259375 0.423935434375 0.2980458703125 0.4269286734375 0.2948463109375 0.43129254218749996 0.2891772265625 0.43135879218750006 0.2875774484375 0.43354072656250003 0.28392089375 0.43492728906250006 0.2801720640625 0.44160830781250004 0.2727078890625 0.441974134375 0.24302496875 0.420377240625 0.245369334375 0.41776051093750005 0.24504507343749998 0.41320838593750003 0.2411710828125 0.412975059375 0.23819274687499997 0.414714234375 0.23212925 0.41526034999999994 0.229478959375 0.41730706875 0.2233933421875 0.4181156515625 0.2131240203125 0.42236548125000006 0.210035071875 0.425417003125 0.20574454375 0.4259260125 0.20313850156250002 0.42744778906249997 0.1860314015625 0.4414301625 0.1779440140625 0.45338971250000004 0.17197598125 0.469601809375 0.1704862140625 0.4956764234375 0.18095403906250002 0.51426939375 0.187293765625 0.5230449234375001 0.19711306875 0.5325336468749999 0.21144033437499998 0.5431332515625 0.2253548484375 0.550230609375 0.2289854921875 0.5533511 0.2523545921875 0.5616654125 0.26832966874999997 0.5653135609375 0.2812859484375 0.5669812421875 0.299343709375 0.5669177109375 0.3176226921875 0.5642294875 0.3430858328125 0.556098375 0.3633849171875 0.5462412984375 0.3777753625 0.5350930515625001 0.387591475 0.5236213359375 0.394543653125 0.5083318625000001 0.39748910312499997 0.494383878125 0.3971243859375 0.48611211093750006 0.3931587171875 0.46596821874999994
2 0 0.4082690484375 0.003091709375 0.4154950515625 0.013191028125 0.4300608375 0.027908920312500002 0.44442515781249997 0.046349734375 0.456615509375 0.06715703437500001 0.4659266625 0.0851667609375 0.4706326515625 0.10195278906250001 0.47305860156249996 0.1249129234375 0.47362608437500003 0.1399518890625 0.47158208593750006 0.1484444515625 0.47161394687499997 0.1702289203125 0.465131865625 0.1740624515625 0.4616455484375 0.182986696875 0.4439567453125 0.19525399999999998 0.432800534375 0.19733668437500002 0.4290888546875 0.21281809375 0.4217954703125 0.215958859375 0.40972984375 0.21634251093749998 0.3967787 0.2066673046875 0.3729814125 0.19287097343749998 0.35608254375000004 0.18598197656249998 0.3496241671875 0.17325070468749998 0.3410872109375 0.1679614859375 0.332446896875 0.14167284375 0.3335735171875 0.1351081078125 0.3316672625 0.1224798734375 0.330307125 0.118251928125 0.33427330624999996 0.1176584125 0.337115396875 0.111742196875 0.3443133921875 0.10716408125000002 0.3482345015625 0.1046206171875 0.3532134546875 0.099124725 0.3554245296875 0.0916826703125 0.3555278875 0.08680241562499999 0.354634403125 0.0748783078125 0.349119828125 0.069518934375 0.3455115046875 0.0653206859375 0.3407260546875 0.0605586171875 0.330031059375 0.0466144046875 0.3316853359375 0.040657734375 0.33516368750000003 0.029710193750000002 0.3390609015625 0.017796848437500002 0.346017603125 0.01168531875 0.3513332390625 0.0016922265625 0.3649047125 0 0.3692225234375 0 0.4082690484375
2 0.37901520781250003 0.322999153125 0.3678502328125 0.3252764796875 0.36016862031249997 0.324022415625 0.35270444375 0.324388240625 0.34839558125000003 0.3209151359375 0.3410786875 0.327932840625 0.335685834375 0.337320734375 0.330174796875 0.3565101421875 0.3304548109375 0.3615872046875 0.333753621875 0.36864473593749997 0.343289121875 0.37730097812499996 0.367723278125 0.39397720468749997 0.3838051796875 0.4005575890625 0.3967172171875 0.4027502078125 0.40072393906250003 0.40140871875000006 0.41307973281250004 0.3892026296875 0.42462078593749997 0.3824633234375 0.42890433593750005 0.36523845625 0.4259449328125 0.3457547203125 0.41860272812500005 0.3320744515625 0.410622765625 0.3217612140625 0.39879093125 0.31095217656249996 0.391747078125 0.3063310859375 0.3877624796875 0.3074101046875 0.3850900671875 0.30971929062500003 0.38639847031249996 0.315194040625 0.37901520781250003 0.322999153125
2 0.336018865625 0.2829736453125 0.33118285625 0.2815552234375 0.3143083390625 0.2801791546875 0.27799372031249997 0.2826684390625 0.2541929375 0.29207479062499997 0.2376534421875 0.3077221234375 0.23517634687500003 0.3119136671875 0.23379400156250002 0.3157154921875 0.24007114999999998 0.321033846875 0.2961640828125 0.3526630546875 0.3039967640625 0.35632441406250004 0.30894338593750004 0.3564304875 0.313716815625 0.35439173749999997 0.318844203125 0.348153475 0.33559794374999996 0.31316558906249997 0.3358412875 0.3102784265625 0.3330437171875 0.30567326562499997 0.3320854828125 0.3002435859375 0.33281173124999996 0.2958266796875 0.33598917031250003 0.2917252796875 0.3507847875 0.29256844531250004 0.3514187609375 0.2934459984375 0.35842215624999996 0.2943474453125 0.3444229390625 0.2840553859375 0.3426720890625 0.2838300234375 0.3389712921875 0.285741521875 0.336018865625 0.2829736453125
2 0.24847462656250002 0.347320609375 0.2426582609375 0.3407349796875 0.24051299531249998 0.340989484375 0.2374499578125 0.3395339546875 0.23666491562499997 0.33624910468749997 0.234368584375 0.3340963125 0.23025503593750002 0.3325055671875 0.227143965625 0.3358195578125 0.226019515625 0.3449609125 0.22786204375 0.3650968390625 0.24204521250000002 0.3900050078125 0.24849933906250002 0.3932236078125 0.2542050921875 0.40112158437499995 0.2581859078125 0.40428714687499995 0.282860221875 0.39711576875 0.301706809375 0.3960925046875 0.3114711046875 0.393634890625 0.3223484921875 0.3947696671875 0.3266611390625 0.3939981875 0.3272989 0.390631159375 0.3224003078125 0.3857555640625 0.317980834375 0.3835948046875 0.3110254703125 0.3779238359375 0.286521159375 0.36627960000000004 0.28162256874999997 0.361404003125 0.268124590625 0.3535643109375 0.2547998046875 0.3478694453125 0.24847462656250002 0.347320609375
2 0.4000457234375 0.401056103125 0.3967614609375 0.40222526875 0.392231375 0.4013768578125 0.388268896875 0.40219340625 0.4001449734375 0.41247750468750005 0.4095515265625 0.4184639828125 0.464398634375 0.4480756125 0.470414103125 0.4522990171875 0.48642963593750005 0.4596668109375 0.4959063421875 0.46062129687500003 0.49996488437500003 0.450265703125 0.49885179375 0.44667331250000003 0.499954121875 0.43779442656249995 0.4971318375 0.38728626875 0.49441896874999997 0.3858758109375 0.4793616671875 0.383937696875 0.4492950984375 0.3752919453125 0.44472077031249996 0.3749684734375 0.4409757265625 0.3774049109375 0.4285832640625 0.38164677343750003 0.42258234687499996 0.3856500640625 0.416846896875 0.386503721875 0.4058734484375 0.3949079875 0.4000457234375 0.401056103125
2 0.5038635859375 0.49640202968749997 0.4984195140625 0.4895990015625 0.48194698281250004 0.47925390312499994 0.4688175125 0.47544139531249996 0.466676034375 0.471451315625 0.4615562234375 0.4692004140625 0.4587365265625 0.46485772187499996 0.4462669375 0.457415715625 0.44033617343750003 0.45638701406250004 0.43556652968750004 0.454181184375 0.43364248906249997 0.45181099375 0.42987911093750003 0.4502653203125 0.42592041875 0.4468372875 0.40664653125 0.436131609375 0.3898642921875 0.4294610796875 0.3886810484375 0.430900678125 0.3882493640625 0.44862134375 0.3942313484375 0.465840965625 0.4010501921875 0.4773313328125 0.416136590625 0.4957228390625 0.43116419375000004 0.5064125890625 0.4387351984375 0.5089789984374999 0.45774740156249993 0.518589728125 0.46194944062500004 0.519130596875 0.46983015312500004 0.5180224359375 0.47573879531249996 0.5193136078125 0.48882780937500003 0.5194064703125 0.49395141093749995 0.517412790625 0.5038004078125 0.5181498796875 0.5127979984375 0.5163895265625 0.5244679984375 0.5123199890625 0.523093228125 0.507632646875 0.5175385421875001 0.5021419671875 0.5114788328125 0.49844350156250006 0.5038635859375 0.49640202968749997
2 0.536347065625 0.39657896406250004 0.5391629734375 0.4051662375 0.5379095765625 0.41163782812500005 0.5311198296875 0.41660085 0.5289929015625 0.420837465625 0.5248313234374999 0.424016240625 0.5160992 0.42262696093749996 0.5125273499999999 0.4272082265625 0.5114471453125 0.43582464375 0.5129135921875 0.46042255 0.5157257125 0.47325440468749996 0.5247783078125 0.4834403921875 0.5433259453125 0.4985629796875 0.547089325 0.5001086531250001 0.5553018734374999 0.49506345312500005 0.5645023484375 0.48669629375 0.5749119781250001 0.472382484375 0.5781153234375 0.4637740328125 0.5801354265625001 0.4566051796875 0.5805816593750001 0.44711121093750006 0.5779907609375 0.431654659375 0.57414646875 0.422669696875 0.5707370468749999 0.4169245140625 0.5535275078125 0.39852504375 0.5397899703125 0.38932793125 0.531168459375 0.386626303125 0.5297014140625 0.387233421875 0.536347065625 0.39657896406250004
2 0.5827719625000001 0.5681123078125 0.5896533875000001 0.5830598499999999 0.5962990390625 0.5924053921875 0.6166379828124999 0.611472984375 0.62845148125 0.6182999078125 0.6496974390625 0.6266062546875 0.668735553125 0.63170993125 0.6793070140624999 0.6322746984375 0.6783045343749999 0.627369959375 0.6629267624999999 0.6166351390625 0.658378340625 0.6118046140625 0.6550795296875 0.6047470828125 0.6022304015625 0.5682290671875 0.5994107093750001 0.5638863765625 0.586786259375 0.5582816546875 0.5829565140625 0.5575233890625 0.5814452250000001 0.5586554453125 0.58087383125 0.5612350671875 0.5827719625000001 0.5681123078125
2 0.7692556046875 0.5226027125 0.772761090625 0.5188088546875 0.770704315625 0.51801348125 0.766041496875 0.518739884375 0.7619500718750001 0.5168866703125 0.760508934375 0.5129867375 0.7548878828125 0.508283465625 0.739860278125 0.497593715625 0.7256177171875 0.490188815625 0.723833775 0.48615640937500004 0.7252972421874999 0.48139210937500004 0.7366872265625 0.472245509375 0.732835359375 0.47174971093750007 0.689409621875 0.481813821875 0.6783043375 0.4803843953125 0.6616030140625 0.4811531515625 0.6443966640625 0.48371412343750003 0.6305813984374999 0.488038165625 0.6161504984375 0.49546676874999995 0.6048490015625 0.50356349375 0.5936543328125 0.5145924515625 0.5868165546874999 0.524324996875 0.5857622578125 0.5284343609375 0.5905059921875 0.5351472421875 0.68088526875 0.6051502078125 0.69573968125 0.613695128125 0.7002255234375 0.6150684796875 0.7060494625 0.6131649453125 0.71117685 0.60692668125 0.721744521875 0.6117360296875 0.71993806875 0.624769353125 0.7215119375 0.6270944703125 0.72391888125 0.6279349171875 0.7329828390625 0.6253871546875 0.7440631125 0.6199151265625 0.7550365609374999 0.6115108593749999 0.7735519109375 0.5892196125 0.778771571875 0.5776868921875 0.78176126875 0.56321396875 0.7819015765625 0.5531499875 0.7778657546875001 0.5380380859375 0.7692556046875 0.5226027125
2 0.1916945078125 0.22725243750000002 0.1922880234375 0.224410346875 0.195266359375 0.222671171875 0.2072163765625 0.2236786953125 0.21720189531249998 0.21859638593750003 0.2275521328125 0.22178584687499997 0.2329152921875 0.22114958437499999 0.2361995515625 0.21998042187500003 0.2365313859375 0.21604338125 0.2125283140625 0.20685151406250002 0.20143349375000003 0.20409685 0.1642491296875 0.200106578125 0.151093746875 0.20080112187500002 0.1410014046875 0.20295119687500002 0.1190399609375 0.21153303281250002 0.101693303125 0.22415798593749997 0.095338428125 0.2323607859375 0.0923341828125 0.2386070125 0.08910492656249999 0.251722515625 0.0884115640625 0.26834823124999996 0.0908513921875 0.281397484375 0.09954624375 0.3000275640625 0.10700284687499999 0.308150903125 0.11162142187499999 0.3079494375 0.12438617656249999 0.3034901765625 0.1333616421875 0.3019922921875 0.16667580312500002 0.30150465312499997 0.176001440625 0.3000518453125 0.17427650156250002 0.2953194296875 0.17005612812499998 0.29079644843749997 0.1584821890625 0.28532694375 0.1555518859375 0.2822966 0.15393755625 0.2762518390625 0.15588750625 0.274114975 0.1620394921875 0.2725189828125 0.1680404109375 0.2685156921875 0.19280002499999999 0.23933399375 0.19459890468750002 0.23478983593749997 0.1916945078125 0.22725243750000002
2 0.23689929531249998 0.245275590625 0.23470978593749997 0.246055034375 0.229674675 0.24699883437499998 0.2170906859375 0.2451137578125 0.215229225 0.24620074218750002 0.215111040625 0.256002253125 0.210403978125 0.2572535984375 0.205269615625 0.2467760015625 0.2042854734375 0.24585337499999999 0.2004114828125 0.24562004843750002 0.188601175 0.2597535671875 0.18369122499999999 0.2676117171875 0.1837019859375 0.280082996875 0.18892862500000002 0.2852661328125 0.1910701 0.2892562125 0.2047191484375 0.2995032 0.21393038749999999 0.3036073203125 0.223598621875 0.31068874687500003 0.2321758890625 0.3139153140625 0.23510997968749997 0.3127010765625 0.24302038750000002 0.30284128125 0.2541708140625 0.292337259375 0.27000239375 0.285088946875 0.27718276875000003 0.2838906390625 0.2775664203125 0.27093949687499996 0.26727936093750004 0.24600218749999997 0.2634312796875 0.241261809375 0.258329803125 0.24299301718750002 0.25708398125 0.24097544375000002 0.2480275984375 0.2350340390625 0.2440429953125 0.236113059375 0.23689929531249998 0.245275590625
2 0.1313301796875 0.3218948921875 0.1346548984375 0.324445371875 0.1562769375 0.3282897421875 0.1673313015625 0.32732476250000003 0.16995568125 0.3297850953125 0.1697085484375 0.33691684375 0.1716325890625 0.33928703125 0.1803425890625 0.34093878125 0.1871026390625 0.34472739375 0.201175796875 0.3457428828125 0.2216000421875 0.3428001546875 0.22642528906249998 0.3317472984375 0.22213855 0.3280117265625 0.210675225 0.3212298734375 0.19299733125000001 0.31258684375 0.18249223750000002 0.3112346703125 0.157714884375 0.31122923281250003 0.1380314375 0.3179817484375 0.1308731859375 0.3189175859375 0.1313301796875 0.3218948921875