2 0.072089946875 0.634424603125 0.0958994703125 0.6423611109375 0.11838624375 0.64657738125 0.15178571406250002 0.646329365625 0.166335978125 0.6443452375 0.19312169375 0.6388888890625 0.196097884375 0.6369047625 0.21130952343749998 0.631200396875 0.2331349203125 0.61532738125 0.24107142812500001 0.6081349203124999 0.2486772484375 0.599454365625 0.25661375625 0.5835813484375 0.25892857187499996 0.56845238125 0.25694444375000003 0.5535714281249999 0.250661375 0.54092261875 0.25 0.53720238125 0.24041005312500002 0.5240575390625 0.22850529062499997 0.51512896875 0.22056878281249997 0.5136408734375 0.2119709 0.5081845234375 0.2046957671875 0.502480159375 0.1924603171875 0.49007936562500004 0.1709656078125 0.475446428125 0.1577380953125 0.4699900796875 0.1425264546875 0.466021825 0.11937830625000001 0.46502976250000005 0.0955687828125 0.4670138890625 0.08796296249999999 0.468998015625 0.0572089953125 0.4826388890625 0.0396825390625 0.49404761875 0.0234788359375 0.50967261875 0.0135582015625 0.5238095234375 0.00661375625 0.547123015625 0.00628306875 0.559771825 0.0115740734375 0.583829365625 0.021164021875 0.5992063484375 0.0357142859375 0.61259920625 0.051256614062500004 0.624751984375 0.072089946875 0.634424603125
2 0.275132275 0.5726686515625 0.2867063484375 0.58134920625 0.3048941796875 0.5920138890625 0.3379629625 0.6001984125 0.3578042328125 0.6009424609375 0.3730158734375 0.59970238125 0.403769840625 0.5920138890625 0.41931216875 0.5845734125 0.4375 0.571924603125 0.45238095312500004 0.5575396828125 0.4609788359375 0.5446428578125 0.46825396875 0.5220734125 0.46792327968749997 0.505704365625 0.459986771875 0.4853670640625 0.4540343921875 0.4739583328125 0.4375 0.4546130953125 0.43154761875 0.4516369046875 0.428240740625 0.4521329359375 0.41931216875 0.4585813484375 0.40277777812500004 0.4675099203125 0.39318783125 0.46825396875 0.38062169375 0.46527777812500004 0.372354496875 0.45882936562500004 0.3673941796875 0.45114087343750003 0.3581349203125 0.430803571875 0.3541666671875 0.42906746093750003 0.321759259375 0.43551587343750003 0.296296296875 0.4454365078125 0.2890211640625 0.44990079375 0.271164021875 0.4580853171875 0.2678571421875 0.46304563437499996 0.25330687812499997 0.47867063437499996 0.2523148140625 0.484375 0.246693121875 0.49404761875 0.24570105781249998 0.4982638890625 0.24371693125 0.4990079359375 0.24272486718750003 0.5012400796875001 0.2420634921875 0.514880953125 0.24338624375 0.5208333328125 0.25661375625 0.5446428578125 0.25694444375000003 0.5486111109375 0.265873015625 0.563244046875 0.275132275 0.5726686515625
2 0.4702380953125 0.509424603125 0.477843915625 0.5171130953125 0.49404761875 0.528769840625 0.5175264546875 0.5354662703125 0.5244709000000001 0.53720238125 0.5393518515625 0.5384424609375 0.55654761875 0.5379464281249999 0.56812169375 0.5362103171875 0.5992063484375 0.528273809375 0.6233465609375 0.5138888890625 0.63128306875 0.5066964281249999 0.634259259375 0.502480159375 0.640211640625 0.49801587343750003 0.6471560843749999 0.48660714218749995 0.6507936515625 0.47470238125 0.6514550265625 0.4610615078125 0.646825396875 0.439980159375 0.640873015625 0.42757936562500004 0.6319444437499999 0.415674603125 0.6107804234375 0.39732142812500004 0.603174603125 0.39732142812500004 0.591269840625 0.406001984375 0.5763888890625 0.41071428593750003 0.5667989421875 0.4109623015625 0.559523809375 0.40997023749999995 0.55621693125 0.409226190625 0.55026455 0.4050099203125 0.54431216875 0.40252976250000005 0.534722221875 0.393105159375 0.5254629625 0.3792162703125 0.509589946875 0.38169642812500004 0.4867724875 0.3891369046875 0.46792327968749997 0.39955357187499996 0.45238095312500004 0.41493055625 0.4424603171875 0.431299603125 0.44146825468750006 0.44171627031250005 0.4384920640625 0.446924603125 0.4384920640625 0.45114087343750003 0.45734127031250005 0.47718253906249997 0.465608465625 0.49305555625 0.4702380953125 0.509424603125
2 0.652777778125 0.455605159375 0.653108465625 0.46924603125 0.6511243390625 0.484126984375 0.6517857140625 0.4908234125 0.6583994703125 0.5 0.6805555562500001 0.50967261875 0.691137565625 0.5116567453124999 0.697089946875 0.5138888890625 0.721891534375 0.515625 0.7394179890625 0.514880953125 0.7632275125 0.50967261875 0.7867063484375 0.49925595312500004 0.8022486765625001 0.48859127031250005 0.81812169375 0.47470238125 0.8197751328124999 0.471478175 0.8237433859375001 0.468501984375 0.827711640625 0.46304563437499996 0.8293650796875 0.4561837796875 0.833994709375 0.44593253906249997 0.834325396875 0.4389880953125 0.833664021875 0.4375 0.83068783125 0.4362599203125 0.8296957671875 0.43408978125 0.8303571421875 0.4273313484375 0.8263888890625 0.412450396875 0.8128306875 0.39409722187499996 0.79431216875 0.3802083328125 0.7850529093749999 0.3764880953125 0.759920634375 0.372271825 0.7301587296875 0.37599206406249996 0.71891534375 0.3762400796875 0.70634920625 0.374255953125 0.7013888890625 0.3730158734375 0.69345238125 0.36904761875 0.6894841265625 0.36904761875 0.665674603125 0.37400793593750004 0.658730159375 0.3767361109375 0.6415343921875001 0.388144840625 0.6302910046875 0.4015376984375 0.6292989421875 0.403769840625 0.6299603171875 0.41195436562500004 0.637896825 0.421626984375 0.6448412703125 0.43353174531249994 0.6491402109375 0.4427083328125 0.652777778125 0.455605159375
2 0.13260582031249998 0.46478174531249994 0.146164021875 0.466269840625 0.16501322812500002 0.47197420625 0.1855158734375 0.484375 0.19312169375 0.487103175 0.196097884375 0.48214285781250005 0.196428571875 0.47842261875 0.2000661375 0.47073412656249997 0.2046957671875 0.46676587343750003 0.2043650796875 0.46180555625 0.21263227499999998 0.46006944375 0.21626984062500001 0.45684523749999995 0.2242063484375 0.44345238125 0.2251984125 0.43948412656249997 0.22949735468750002 0.4365079359375 0.2331349203125 0.43551587343750003 0.24107142812500001 0.43700396875 0.24404761874999997 0.43675595312500004 0.24570105781249998 0.43551587343750003 0.2503306875 0.4236111109375 0.258597884375 0.419394840625 0.2635582015625 0.415178571875 0.266203703125 0.41021825468750006 0.26653439218749997 0.40575396875 0.26521164062499997 0.40401785781250005 0.24007936562499999 0.39112103125000003 0.22156084687500002 0.3864087296875 0.20800264531249998 0.3804563484375 0.2000661375 0.37847222187499996 0.1822089953125 0.375744046875 0.165674603125 0.375744046875 0.1504629625 0.377976190625 0.13260582031249998 0.38368055624999997 0.1207010578125 0.390873015625 0.10251322812500001 0.40426587343750003 0.0952380953125 0.4114583328125 0.08697089999999999 0.4233630953125 0.0823412703125 0.43551587343750003 0.08201058125 0.4449404765625 0.08366402187500001 0.459821428125 0.0856481484375 0.46676587343750003 0.08763227500000001 0.46825396875 0.10615079375 0.46502976250000005 0.13260582031249998 0.46478174531249994
2 0.35681216875 0.374751984375 0.3634259265625 0.372023809375 0.3766534390625 0.369295634375 0.400132275 0.359623015625 0.4117063484375 0.359126984375 0.41865079375 0.3573908734375 0.4117063484375 0.3529265875 0.3978174609375 0.34722222187499996 0.396164021875 0.34722222187499996 0.3921957671875 0.34970238125 0.3882275125 0.3546626984375 0.384589946875 0.3556547625 0.3763227515625 0.3554067453125 0.3644179890625 0.3509424609375 0.3515211640625 0.3415178578125 0.3492063484375 0.33779761875 0.3458994703125 0.33680555624999997 0.33399470937500003 0.33705357187499996 0.3141534390625 0.341269840625 0.29596560781250003 0.349454365625 0.28571428593750003 0.3571428578125 0.2827380953125 0.3613591265625 0.2867063484375 0.365079365625 0.29001322812499997 0.36631944375000003 0.3373015875 0.375744046875 0.3455687828125 0.3764880953125 0.35681216875 0.374751984375
2 0.35350529062499997 0.4283234125 0.36904761875 0.40823412656249997 0.375 0.403769840625 0.37599206406249996 0.4012896828125 0.375 0.3923611109375 0.3726851859375 0.390376984375 0.36838624375 0.3893849203125 0.353174603125 0.3926091265625 0.3373015875 0.40029761875 0.3353174609375 0.403521825 0.3138227515625 0.4079861109375 0.299603175 0.41741071406249997 0.2946428578125 0.41790674531249994 0.29232804218749997 0.4206349203125 0.2919973546875 0.42410714218749995 0.296957671875 0.43402777812500004 0.297619046875 0.43948412656249997 0.3009259265625 0.44097222187499996 0.32705026406250004 0.43353174531249994 0.35350529062499997 0.4283234125
2 0.2867063484375 0.40426587343750003 0.302579365625 0.3983134921875 0.30687830625 0.39657738125 0.31679894218750004 0.3886408734375 0.3105158734375 0.38194444375000003 0.3052248671875 0.37946428593750003 0.296296296875 0.3764880953125 0.2830687828125 0.3737599203125 0.28108465625 0.3762400796875 0.2791005296875 0.387648809375 0.275132275 0.3958333328125 0.271164021875 0.40029761875 0.271164021875 0.40401785781250005 0.2741402109375 0.40550595312500004 0.2867063484375 0.40426587343750003
2 0.4791666671875 0.3918650796875 0.5013227515625001 0.3831845234375 0.5132275125 0.3799603171875 0.5175264546875 0.380704365625 0.5238095234375 0.37847222187499996 0.5353835984375 0.3606150796875 0.5386904765625 0.3573908734375 0.5367063484375 0.35342261875 0.5327380953125 0.3511904765625 0.53174603125 0.3484623015625 0.533730159375 0.346230159375 0.537367725 0.34697420625 0.5393518515625 0.3454861109375 0.5327380953125 0.3454861109375 0.5294312171875 0.34375 0.525132275 0.343501984375 0.5016534390625 0.3479662703125 0.47453703750000004 0.3554067453125 0.46660052968750004 0.36036706406249996 0.45502645468749997 0.3633432546875 0.44874338593749996 0.36830357187499996 0.4500661375 0.3769841265625 0.45899470937500003 0.39955357187499996 0.459986771875 0.4007936515625 0.4632936515625 0.4010416671875 0.47453703750000004 0.3958333328125 0.4791666671875 0.3918650796875
2 0.5889550265625 0.3616071421875 0.5949074078125001 0.3673115078125 0.6114417984375 0.3764880953125 0.6140873015625 0.3792162703125 0.615079365625 0.3829365078125 0.6177248671875 0.380704365625 0.6167328046875 0.37822420625 0.6203703703125 0.375744046875 0.6226851859375 0.3764880953125 0.6246693125 0.3727678578125 0.6197089953125 0.3573908734375 0.6137566140625 0.3459821421875 0.609788359375 0.3420138890625 0.6074735453125 0.3373015875 0.5995370375 0.32911706406249996 0.5859788359375 0.3301091265625 0.5859788359375 0.331101190625 0.58134920625 0.3323412703125 0.5800264546875 0.33134920625 0.578703703125 0.333829365625 0.578703703125 0.33647495 0.575396825 0.3417658734375 0.5770502640624999 0.34275793593750004 0.583994709375 0.3573908734375 0.5869709000000001 0.3581349203125 0.5889550265625 0.3616071421875
2 0.5324074078125001 0.32217261875 0.5254629625 0.3139880953125 0.521164021875 0.3107638890625 0.5165343921875001 0.310019840625 0.5023148140625 0.3112599203125 0.4874338625 0.3142361109375 0.47453703750000004 0.31845238125 0.466269840625 0.3241567453125 0.45866402187500005 0.3298611109375 0.459986771875 0.333829365625 0.4751984125 0.3363095234375 0.503306878125 0.3330853171875 0.5274470906250001 0.3263888890625 0.5324074078125001 0.32217261875
2 0.8015873015625001 0.384920634375 0.809193121875 0.389880953125 0.8105158734375 0.3923611109375 0.8164682546875 0.3970734125 0.8270502640625 0.41220238125 0.83068783125 0.41964285781250005 0.833994709375 0.43824404687499996 0.8330026453125001 0.456101190625 0.8346560843749999 0.4595734125 0.8458994703125 0.459325396875 0.8647486765625001 0.4541170640625 0.88095238125 0.4476686515625 0.896494709375 0.43973214218749995 0.9120370375 0.4273313484375 0.9199735453125 0.415674603125 0.9242724875 0.4047619046875 0.9269179890625001 0.3891369046875 0.9259259265625 0.3769841265625 0.921296296875 0.36532738125 0.9166666671874999 0.3573908734375 0.9117063484375001 0.3516865078125 0.8955026453125001 0.3397817453125 0.877645503125 0.330853175 0.8700396828124999 0.325396825 0.846560846875 0.3201884921875 0.8422619046875001 0.3209325390625 0.8326719578124999 0.3201884921875 0.8300264546875 0.32118055624999997 0.8296957671875 0.3226686515625 0.8320105812499999 0.325644840625 0.837632275 0.328373015625 0.840277778125 0.331101190625 0.841269840625 0.33779761875 0.840277778125 0.34697420625 0.8392857140625001 0.349950396875 0.833664021875 0.3571428578125 0.822089946875 0.365575396875 0.8138227515625 0.36805555624999997 0.79431216875 0.36805555624999997 0.787367725 0.3643353171875 0.78174603125 0.3633432546875 0.7754629625 0.359126984375 0.771164021875 0.35838293593750004 0.7675264546875 0.356398809375 0.7609126984375 0.36036706406249996 0.759589946875 0.3658234125 0.759589946875 0.3695436515625 0.7638888890625 0.37053571406249997 0.7671957671875 0.3727678578125 0.777777778125 0.3737599203125 0.7946428578125 0.37847222187499996 0.8015873015625001 0.384920634375