2 0.2040343921875 0.78075396875 0.22056878281249997 0.7924107140625 0.24371693125 0.802579365625 0.2476851859375 0.803075396875 0.25826719531250003 0.80654761875 0.2748015875 0.809523809375 0.30423280468749997 0.8110119046875001 0.3164682546875 0.8102678578125 0.3303571421875 0.8082837296875001 0.35350529062499997 0.802579365625 0.365410053125 0.7981150796875001 0.3885582015625 0.7867063484375 0.41038359843750005 0.771329365625 0.421626984375 0.7614087296875 0.4295634921875 0.752480159375 0.4365079359375 0.7423115078125 0.44312169375000005 0.7296626984375 0.44907407343749994 0.708829365625 0.44973545000000004 0.6919642859375 0.4480820109375 0.681299603125 0.43948412656249997 0.6671626984375 0.4361772484375 0.6572420640625001 0.4322089953125 0.653769840625 0.42757936562500004 0.64657738125 0.42261904687499996 0.6460813484375 0.415674603125 0.646825396875 0.40839947031249996 0.6490575390625 0.40410052968750004 0.6525297625 0.396825396875 0.6545138890625 0.3736772484375 0.656001984375 0.365079365625 0.6359126984375 0.3673941796875 0.6336805562500001 0.37830687812499997 0.630704365625 0.3829365078125 0.6262400796875001 0.400132275 0.625248015625 0.4044312171875 0.624255953125 0.40542327968749997 0.622271825 0.39748677187500003 0.6165674609375 0.3888888890625 0.6113591265625 0.3726851859375 0.6046626984375 0.3544973546875 0.5992063484375 0.3458994703125 0.5974702375 0.32705026406250004 0.5954861109375 0.30919312187500003 0.5954861109375 0.2797619046875 0.59970238125 0.259920634375 0.6046626984375 0.228174603125 0.6183035718750001 0.21593915312499998 0.6259920640625001 0.197089946875 0.64112103125 0.18187830625 0.659226190625 0.17294973593750002 0.674355159375 0.16898148125 0.6852678578125 0.166005290625 0.700148809375 0.165674603125 0.7098214281249999 0.1673280421875 0.724454365625 0.1739417984375 0.743799603125 0.1802248671875 0.7554563484375 0.18915343906249998 0.7671130953125 0.2040343921875 0.78075396875
2 0.4272486765625 0.54365079375 0.4378306875 0.5602678578125 0.44146825468750006 0.5625 0.447089946875 0.5642361109375 0.4507275125 0.5642361109375 0.459986771875 0.5615079359374999 0.471560846875 0.5560515875 0.47883597812499995 0.5538194437499999 0.48214285781250005 0.5508432546875001 0.48644179843749996 0.5505952375 0.49933862500000004 0.5451388890625 0.5102513234375 0.5389384921875 0.515211640625 0.534226190625 0.5257936515625 0.5300099203124999 0.528769840625 0.5257936515625 0.5330687828125 0.5228174609375 0.537367725 0.5230654765625 0.5400132281250001 0.521329365625 0.5400132281250001 0.512152778125 0.53174603125 0.5012400796875001 0.5261243390625 0.490575396875 0.515873015625 0.48065476250000005 0.5105820109375 0.4766865078125 0.5023148140625 0.47271825468750006 0.5013227515625001 0.47271825468750006 0.49768518593750005 0.4766865078125 0.49404761875 0.4761904765625 0.48644179843749996 0.47842261875 0.48214285781250005 0.47743055625 0.47883597812499995 0.48015872968749995 0.471230159375 0.48115079375 0.46660052968750004 0.48363095312500004 0.462632275 0.48363095312500004 0.4583333328125 0.48635912656249997 0.4517195765625 0.48784722187499996 0.4457671953125 0.490575396875 0.440476190625 0.4950396828125 0.4371693125 0.49603174531249994 0.43518518593750005 0.49801587343750003 0.43154761875 0.49801587343750003 0.42757936562500004 0.5 0.415674603125 0.4990079359375 0.4113756609375 0.5009920640625001 0.41071428593750003 0.502480159375 0.4126984125 0.5066964281249999 0.415674603125 0.50967261875 0.41468253906249997 0.5146329359374999 0.41600529062499997 0.52157738125 0.4272486765625 0.54365079375
2 0.5291005296875 0.4779265875 0.53141534375 0.48214285781250005 0.5363756609375 0.484623015625 0.5446428578125 0.4908234125 0.55026455 0.4935515875 0.5542328046875 0.49801587343750003 0.5601851859375 0.5017361109375 0.563161375 0.5064484125 0.56812169375 0.50967261875 0.572089946875 0.5136408734375 0.5796957671875 0.5091765875 0.5856481484375 0.5074404765625 0.59358465625 0.503472221875 0.5992063484375 0.5 0.6005290999999999 0.4982638890625 0.5859788359375 0.49007936562500004 0.5634920640625001 0.48239087343750003 0.552579365625 0.4796626984375 0.5479497359375001 0.4794146828125 0.5383597890625 0.4766865078125 0.5320767203125001 0.4764384921875 0.5304232796874999 0.4737103171875 0.53141534375 0.4704861109375 0.5294312171875 0.46924603125 0.5208333328125 0.46949404687499996 0.5201719578125 0.47271825468750006 0.51851851875 0.47197420625 0.51851851875 0.46949404687499996 0.5171957671875 0.4697420640625 0.516203703125 0.4704861109375 0.5175264546875 0.471726190625 0.525132275 0.475446428125 0.53075396875 0.475446428125 0.53141534375 0.4761904765625 0.5291005296875 0.4779265875
2 0.4269179890625 0.5431547625 0.4378306875 0.5602678578125 0.440145503125 0.56200396875 0.446759259375 0.5642361109375 0.45105820156250004 0.5642361109375 0.46164021093749996 0.5610119046875 0.471560846875 0.5560515875 0.47883597812499995 0.5538194437499999 0.48247354531250003 0.5505952375 0.4861111109375 0.5505952375 0.4990079359375 0.5453869046875 0.5102513234375 0.5389384921875 0.515873015625 0.533730159375 0.5254629625 0.5302579359374999 0.528769840625 0.5260416671875 0.5330687828125 0.5228174609375 0.5370370375 0.5233134921875 0.5400132281250001 0.521329365625 0.5403439156250001 0.512648809375 0.53174603125 0.5012400796875001 0.5261243390625 0.490575396875 0.5221560843749999 0.4861111109375 0.5112433859375 0.4769345234375 0.5019841265625 0.47271825468750006 0.49768518593750005 0.4766865078125 0.49404761875 0.47569444375 0.49437830624999995 0.4764384921875 0.49272486718749997 0.47743055625 0.4897486765625 0.47743055625 0.4861111109375 0.47867063437499996 0.48214285781250005 0.4779265875 0.478174603125 0.48040674531249994 0.47089947031249996 0.481398809375 0.46660052968750004 0.48363095312500004 0.462632275 0.48363095312500004 0.45866402187500005 0.48635912656249997 0.45238095312500004 0.48784722187499996 0.4454365078125 0.491071428125 0.44179894218750004 0.4945436515625 0.4371693125 0.49627976250000005 0.43551587343750003 0.49801587343750003 0.43154761875 0.49801587343750003 0.427910053125 0.5 0.415674603125 0.4990079359375 0.4117063484375 0.500744046875 0.41038359843750005 0.5019841265625 0.4126984125 0.5069444437499999 0.415343915625 0.50967261875 0.4143518515625 0.5136408734375 0.41600529062499997 0.52157738125 0.4269179890625 0.5431547625
2 0.53141534375 0.48239087343750003 0.5370370375 0.48511904687499996 0.5453042328125 0.49131944375 0.5509259265625001 0.49429563437499996 0.5545634921875 0.4985119046875 0.5605158734375 0.5022321421875 0.5628306875 0.506200396875 0.572089946875 0.5136408734375 0.5796957671875 0.5091765875 0.5856481484375 0.5074404765625 0.59358465625 0.503472221875 0.6001984125 0.4987599203125 0.6001984125 0.49776785781250005 0.583994709375 0.4893353171875 0.5625 0.48214285781250005 0.5380290999999999 0.4766865078125 0.53174603125 0.4764384921875 0.5304232796874999 0.4737103171875 0.53141534375 0.4704861109375 0.5297619046875 0.46924603125 0.5171957671875 0.46924603125 0.515873015625 0.47073412656249997 0.521494709375 0.4742063484375 0.5267857140625 0.4764384921875 0.53075396875 0.475446428125 0.528439153125 0.477678571875 0.53141534375 0.48239087343750003
2 0.46924603125 0.65302579375 0.471230159375 0.6552579359374999 0.487103175 0.659722221875 0.521825396875 0.6614583328125 0.549603175 0.658730159375 0.56812169375 0.6550099203124999 0.5919312171875 0.6450892859375 0.6028439156250001 0.6386408734375 0.615079365625 0.6294642859375 0.621693121875 0.6232638890625 0.6269841265625 0.6178075390625 0.634589946875 0.606894840625 0.641203703125 0.59375 0.64417989375 0.5835813484375 0.6455026453125 0.5744047625 0.64417989375 0.5555555562500001 0.6385582015625 0.5376984125 0.634589946875 0.5376984125 0.6292989421875 0.5421626984375 0.6180555562500001 0.5456349203124999 0.6111111109375 0.5491071421875 0.5995370375 0.5505952375 0.5879629625 0.549355159375 0.583994709375 0.54737103125 0.58101851875 0.547123015625 0.5750661375 0.54737103125 0.572420634375 0.5483630953125 0.5641534390625 0.5481150796875001 0.5605158734375 0.544394840625 0.5552248671875 0.5446428578125 0.5479497359375001 0.54365079375 0.540674603125 0.5458829359374999 0.534722221875 0.5491071421875 0.5125661375 0.5553075390625 0.5019841265625 0.559771825 0.4983465609375 0.562251984375 0.4755291 0.5716765875 0.46660052968750004 0.57762896875 0.462632275 0.57862103125 0.45734127031250005 0.5820932546875001 0.4546957671875 0.58407738125 0.45238095312500004 0.587549603125 0.4517195765625 0.5977182546875001 0.453042328125 0.6051587296875 0.4606481484375 0.6264880953125 0.4636243390625 0.6383928578125 0.466269840625 0.643105159375 0.46924603125 0.65302579375
2 0.41765872968749995 0.6076388890625 0.4169973546875 0.5957341265625 0.4140211640625 0.591021825 0.412367725 0.5796130953125 0.4074074078125 0.5761408734375 0.40410052968750004 0.5585317453124999 0.39748677187500003 0.5486111109375 0.39566527812499996 0.54900143125 0.39351851875 0.552579365625 0.3918650796875 0.5605158734375 0.3918650796875 0.5761408734375 0.396164021875 0.5927579359374999 0.403439153125 0.6078869046875 0.40674603125 0.60987103125 0.4080687828125 0.612103175 0.4117063484375 0.612847221875 0.41633597812499995 0.609623015625 0.41765872968749995 0.6076388890625
2 0.41765872968749995 0.6076388890625 0.4169973546875 0.5959821421875 0.4140211640625 0.591269840625 0.412367725 0.5796130953125 0.409060846875 0.578125 0.40707672031250003 0.575644840625 0.40575396875 0.5639880953125 0.40410052968750004 0.5585317453124999 0.39748677187500003 0.5486111109375 0.39546435625 0.5492611734375 0.39384920625 0.5518353171875 0.3918650796875 0.5607638890625 0.3918650796875 0.575644840625 0.3958333328125 0.5917658734375 0.403439153125 0.6078869046875 0.4074074078125 0.6103670640625001 0.4080687828125 0.611855159375 0.41203703750000004 0.612351190625 0.41600529062499997 0.60987103125 0.41765872968749995 0.6076388890625
2 0.46924603125 0.65302579375 0.471230159375 0.6552579359374999 0.4857804234375 0.65947420625 0.49371693125 0.6604662703125 0.521825396875 0.6614583328125 0.5499338625 0.658730159375 0.56812169375 0.6550099203124999 0.5916005296875 0.6453373015625 0.60681216875 0.6359126984375 0.615410053125 0.6292162703125 0.6263227515625001 0.6185515875 0.634920634375 0.606398809375 0.6388888890625 0.59970238125 0.6421957671875 0.591021825 0.6455026453125 0.5744047625 0.64417989375 0.5555555562500001 0.6385582015625 0.5376984125 0.634589946875 0.537450396875 0.6302910046875 0.5416666671875 0.61904761875 0.5451388890625 0.6111111109375 0.5491071421875 0.5995370375 0.5505952375 0.5879629625 0.549355159375 0.583994709375 0.54737103125 0.565806878125 0.5483630953125 0.5641534390625 0.5481150796875001 0.5601851859375 0.5446428578125 0.547619046875 0.543898809375 0.5403439156250001 0.546130953125 0.534060846875 0.549355159375 0.51223545 0.5555555562500001 0.4990079359375 0.56200396875 0.47453703750000004 0.57217261875 0.46792327968749997 0.5768849203124999 0.4623015875 0.578869046875 0.45634920625 0.5828373015625 0.45238095312500004 0.58779761875 0.4517195765625 0.59697420625 0.453042328125 0.6049107140625 0.4606481484375 0.6262400796875001 0.4636243390625 0.6383928578125 0.466269840625 0.6428571421875 0.46924603125 0.65302579375
2 0.36871693125 0.421875 0.3726851859375 0.42410714218749995 0.38062169375 0.4233630953125 0.3875661375 0.4206349203125 0.400132275 0.4126984125 0.40410052968750004 0.409226190625 0.4140211640625 0.4047619046875 0.4203042328125 0.39955357187499996 0.424603175 0.3978174609375 0.434854496875 0.38963293593750004 0.43948412656249997 0.38740079375 0.4520502640625 0.3769841265625 0.4513888890625 0.372271825 0.45634920625 0.3613591265625 0.46164021093749996 0.3578869046875 0.46494709062500006 0.35342261875 0.46924603125 0.35044642812500004 0.47288359843750005 0.346230159375 0.48048941875000006 0.34375 0.484457671875 0.3415178578125 0.47850529062499997 0.33928571406249997 0.471230159375 0.33779761875 0.4543650796875 0.33705357187499996 0.43816137499999996 0.3385416671875 0.427910053125 0.341021825 0.4236111109375 0.34027777812500004 0.41997354531250003 0.3417658734375 0.4110449734375 0.34275793593750004 0.4077380953125 0.3459821421875 0.400132275 0.34821428593750003 0.39252645468749997 0.3516865078125 0.3789682546875 0.35987103125000003 0.35681216875 0.3769841265625 0.3511904765625 0.38467261875 0.3495370375 0.3886408734375 0.3449074078125 0.3926091265625 0.3452380953125 0.39657738125 0.35648148125 0.41220238125 0.36871693125 0.421875
2 0.4917328046875 0.3735119046875 0.49636243437500005 0.380704365625 0.5019841265625 0.3841765875 0.50562169375 0.38467261875 0.509259259375 0.3831845234375 0.521164021875 0.38169642812500004 0.525132275 0.3797123015625 0.5300925921874999 0.3789682546875 0.5330687828125 0.3764880953125 0.5400132281250001 0.3829365078125 0.5449735453125 0.384424603125 0.5449735453125 0.3856646828125 0.5416666671875 0.3864087296875 0.5370370375 0.3859126984375 0.5327380953125 0.38715277812500004 0.5241402109375 0.3923611109375 0.5228174609375 0.396329365625 0.528108465625 0.40029761875 0.5304232796874999 0.40401785781250005 0.5380290999999999 0.4079861109375 0.5449735453125 0.41319444375 0.547288359375 0.4164186515625 0.5509259265625001 0.41815476250000005 0.5542328046875 0.42113095312500004 0.5641534390625 0.42410714218749995 0.56845238125 0.4228670640625 0.5691137562499999 0.41840277812500004 0.56812169375 0.4112103171875 0.5644841265625 0.40054563437499996 0.55687830625 0.384920634375 0.5545634921875 0.3829365078125 0.552579365625 0.3787202375 0.5429894187500001 0.368799603125 0.5267857140625 0.356894840625 0.5178571421875 0.3516865078125 0.50562169375 0.346726190625 0.4996693125 0.3459821421875 0.49404761875 0.34970238125 0.4874338625 0.3519345234375 0.4761904765625 0.360119046875 0.4705687828125 0.3608630953125 0.4705687828125 0.36532738125 0.47585978906250004 0.365079365625 0.4861111109375 0.3611111109375 0.49007936562500004 0.3635912703125 0.4923941796875 0.36904761875 0.4917328046875 0.3735119046875
2 0.3578042328125 0.4136904765625 0.36871693125 0.42237103125 0.3726851859375 0.42410714218749995 0.3769841265625 0.42410714218749995 0.384589946875 0.42237103125 0.3984788359375 0.4139384921875 0.40410052968750004 0.409226190625 0.4130291 0.40575396875 0.4457671953125 0.3826884921875 0.452711640625 0.3764880953125 0.453042328125 0.368799603125 0.45667989374999995 0.3613591265625 0.4613095234375 0.359126984375 0.4623015875 0.356894840625 0.47321428593750003 0.3474702375 0.477843915625 0.34474206406249996 0.4834656078125 0.343005953125 0.484457671875 0.3415178578125 0.48214285781250005 0.34027777812500004 0.47321428593750003 0.3382936515625 0.45601851875 0.33705357187499996 0.434854496875 0.3382936515625 0.427910053125 0.34052579375 0.4232804234375 0.3400297625 0.41997354531250003 0.3417658734375 0.4077380953125 0.3415178578125 0.4077380953125 0.3457341265625 0.400132275 0.3479662703125 0.390873015625 0.3521825390625 0.37929894218750004 0.359126984375 0.35582010625 0.377976190625 0.3495370375 0.38740079375 0.3458994703125 0.3918650796875 0.34424603125000003 0.3923611109375 0.3445767203125 0.396329365625 0.346891534375 0.40029761875 0.3578042328125 0.4136904765625
2 0.36904761875 0.4826388890625 0.3703703703125 0.4742063484375 0.36276454999999996 0.4548611109375 0.3551587296875 0.4427083328125 0.347552909375 0.43526785781250005 0.3416005296875 0.4268353171875 0.3379629625 0.42509920625 0.3366402109375 0.42633928593750003 0.3363095234375 0.4362599203125 0.3379629625 0.44320436562500004 0.34391534375 0.4583333328125 0.35548941875 0.4737103171875 0.36276454999999996 0.48040674531249994 0.36904761875 0.4826388890625
2 0.40575396875 0.4985119046875 0.412367725 0.505704365625 0.415674603125 0.51612103125 0.41732804218749997 0.5173611109375 0.4166666671875 0.521329365625 0.41997354531250003 0.5257936515625 0.42394179843749996 0.521329365625 0.42129629687500003 0.5173611109375 0.4242724875 0.5138888890625 0.4229497359375 0.50967261875 0.427910053125 0.50967261875 0.42757936562500004 0.5052083328125 0.4292328046875 0.5069444437499999 0.4325396828125 0.5066964281249999 0.4328703703125 0.5047123015625 0.43022486718749997 0.5022321421875 0.43088624375 0.5014880953125 0.43551587343750003 0.5019841265625 0.4384920640625 0.497519840625 0.44378306875 0.4952876984375 0.4520502640625 0.4898313484375 0.4669312171875 0.48660714218749995 0.4742063484375 0.481894840625 0.48379629687500003 0.48015872968749995 0.49305555625 0.47991071406249997 0.49801587343750003 0.47842261875 0.49636243437500005 0.4704861109375 0.49305555625 0.468501984375 0.48511904687499996 0.4670138890625 0.48511904687499996 0.4623015875 0.49007936562500004 0.46155753906249997 0.49768518593750005 0.462053571875 0.5003306875 0.46428571406249997 0.5132275125 0.468998015625 0.5175264546875 0.47197420625 0.521825396875 0.47296627031250005 0.5244709000000001 0.475446428125 0.5320767203125001 0.47743055625 0.54398148125 0.47743055625 0.546296296875 0.4764384921875 0.552579365625 0.46949404687499996 0.563161375 0.45238095312500004 0.5674603171875 0.43973214218749995 0.5667989421875 0.435019840625 0.5691137562499999 0.43154761875 0.5677910046875 0.42757936562500004 0.56878306875 0.42609127031250005 0.5691137562499999 0.419146825 0.5671296296875 0.40848214218749995 0.5641534390625 0.3985615078125 0.559193121875 0.3883928578125 0.547619046875 0.3727678578125 0.5327380953125 0.360119046875 0.5125661375 0.3489583328125 0.5023148140625 0.3457341265625 0.49801587343750003 0.3457341265625 0.47453703750000004 0.359623015625 0.4705687828125 0.359126984375 0.4675925921875 0.3611111109375 0.4675925921875 0.365575396875 0.465608465625 0.3675595234375 0.46527777812500004 0.3697916671875 0.46660052968750004 0.37152777812500004 0.46957672031250003 0.36830357187499996 0.4751984125 0.3673115078125 0.48181216875 0.36383928593750003 0.484126984375 0.3643353171875 0.49007936562500004 0.36904761875 0.49140211562499997 0.38095238125 0.4923941796875 0.3824404765625 0.497354496875 0.384424603125 0.5016534390625 0.3883928578125 0.5069444437499999 0.38740079375 0.5105820109375 0.387896825 0.509589946875 0.3888888890625 0.5171957671875 0.3834325390625 0.5291005296875 0.3826884921875 0.5330687828125 0.3799603171875 0.5357142859375 0.38095238125 0.5357142859375 0.38467261875 0.53108465625 0.3864087296875 0.5291005296875 0.3888888890625 0.5257936515625 0.3893849203125 0.521164021875 0.3926091265625 0.5195105812499999 0.39732142812500004 0.515873015625 0.40054563437499996 0.5076058203125 0.4012896828125 0.5019841265625 0.40302579375 0.500661375 0.40426587343750003 0.5072751328125 0.4136904765625 0.5135582015625 0.41617063437499996 0.514880953125 0.41989087343750003 0.5042989421875 0.4201388890625 0.500661375 0.4169146828125 0.497023809375 0.41617063437499996 0.49437830624999995 0.4139384921875 0.4874338625 0.41220238125 0.484126984375 0.40972222187499996 0.4761904765625 0.40823412656249997 0.47453703750000004 0.40699404687499996 0.4702380953125 0.40699404687499996 0.462632275 0.40426587343750003 0.4583333328125 0.4012896828125 0.45701058124999994 0.3983134921875 0.4546957671875 0.396825396875 0.4484126984375 0.3985615078125 0.4427910046875 0.40252976250000005 0.43948412656249997 0.403273809375 0.43353174531249994 0.40674603125 0.42757936562500004 0.412450396875 0.421957671875 0.41468253906249997 0.40641534375 0.424851190625 0.39318783125 0.43526785781250005 0.3892195765625 0.4429563484375 0.3888888890625 0.44866071406249997 0.390873015625 0.4585813484375 0.39649470937500003 0.47073412656249997 0.3991402109375 0.48214285781250005 0.40211640156249995 0.486855159375 0.40575396875 0.4985119046875
2 0.36904761875 0.48239087343750003 0.36838624375 0.48115079375 0.36937830625 0.48065476250000005 0.36673280468749997 0.4796626984375 0.36937830625 0.4791666671875 0.36937830625 0.477678571875 0.3670634921875 0.4739583328125 0.365410053125 0.462549603125 0.359126984375 0.4518849203125 0.35681216875 0.4456845234375 0.35251322812499997 0.43948412656249997 0.34424603125000003 0.4325396828125 0.3416005296875 0.42757936562500004 0.3366402109375 0.4284060015625 0.3366402109375 0.4360119046875 0.3449074078125 0.45882936562500004 0.34821428593750003 0.462053571875 0.353174603125 0.46949404687499996 0.3578042328125 0.47296627031250005 0.359126984375 0.4751984125 0.36805555624999997 0.48090277812500004 0.36904761875 0.48239087343750003