2 0.368907103125 0.2133185203125 0.3666805328125 0.2043967984375 0.363576121875 0.1998628984375 0.36073005 0.198318265625 0.3474362890625 0.1949253296875 0.33480177499999997 0.1934189421875 0.333874684375 0.18881592187500001 0.33916246875 0.172298228125 0.34785274843749997 0.1725673421875 0.346954171875 0.1671459234375 0.3297619703125 0.1507968828125 0.31704969375 0.14111805 0.3102974046875 0.13724495 0.3041663421875 0.1363495984375 0.2967833203125 0.12977155 0.27310840000000003 0.12262071562500002 0.26491406562500003 0.118520896875 0.2383265453125 0.1117350203125 0.196459753125 0.10652418749999999 0.1699880109375 0.10681956249999999 0.1323920515625 0.11428051406249999 0.10741160000000001 0.12379345156249999 0.081477271875 0.1398765984375 0.0593921390625 0.159925009375 0.04682760625 0.17721870625 0.0405652109375 0.190497375 0.035573784375 0.208913140625 0.0352428625 0.22881594062500002 0.040480528125 0.2553543859375 0.052698584375 0.2792187578125 0.063835759375 0.29249005625 0.0831862734375 0.309315575 0.103433640625 0.321207671875 0.1309767625 0.331778171875 0.1576023 0.3374728515625 0.1944552046875 0.34093537500000004 0.2274494078125 0.3407054359375 0.25146648125 0.33803551249999997 0.2719402203125 0.3330256015625 0.2902841609375 0.326720815625 0.312809940625 0.31483333125 0.330646703125 0.3022772125 0.3483106625 0.2842766375 0.3590892734375 0.2662221453125 0.3622679921875 0.2582188171875 0.36833685 0.22968645156249998 0.368907103125 0.2133185203125
2 0.42640737343749996 0.5085150171875 0.431714165625 0.4914517265625 0.4312830234375 0.4830180015625 0.4277777078125 0.4795868171875 0.418131825 0.47553308124999993 0.40764611874999995 0.4747759703125 0.40267024687499997 0.47193646562499997 0.41399405156249997 0.45904211093749997 0.422999696875 0.4606636984375 0.4277267328125 0.4602411375 0.43162344687500004 0.46284240312499997 0.43597809062500004 0.46270416093750005 0.4378875703125 0.459918571875 0.436728925 0.44115305156250006 0.43361500937499997 0.43689195156249994 0.43273544062499997 0.43092493593750003 0.4290478203125 0.42232209374999996 0.41238958124999997 0.4010511515625 0.4043188015625 0.3934049484375 0.39581860625 0.3876798578125 0.374081675 0.3769250359375 0.3446765984375 0.36777613124999997 0.3007940546875 0.3579968390625 0.2772919375 0.3562904609375 0.2358562890625 0.359513353125 0.2077619203125 0.36476518750000003 0.173547721875 0.379203709375 0.14573243125 0.3972540515625 0.1333579828125 0.40909176875000003 0.12424951718749999 0.42082580625 0.1156750140625 0.42763794375 0.1137180171875 0.431787528125 0.1084794796875 0.4572960640625 0.10747980937499998 0.475585109375 0.109269184375 0.497055578125 0.11316762656249998 0.5100116828125 0.1209152625 0.5269330484375 0.123751828125 0.528750478125 0.12927289375 0.5367501234375001 0.1457773390625 0.5520310078125 0.1713634625 0.5667510906250001 0.1960605140625 0.575776959375 0.2382141609375 0.5831586625 0.27771181875 0.58353975625 0.28818802187500003 0.5845696671875 0.3161778421875 0.5823186171875 0.3254210921875 0.5771202359375 0.35065038125000003 0.570869365625 0.37202097031250003 0.5609260328125 0.39167216875 0.5483123125 0.407751521875 0.534177003125 0.4137953203125 0.5271727078125 0.42640737343749996 0.5085150171875
2 0.4056057578125 0 0.3917836984375 0.0144868515625 0.38221730468750004 0.028960396875 0.3759739171875 0.0416934671875 0.3708684390625 0.0633828203125 0.369887778125 0.0811262671875 0.3748005734375 0.10658503906250001 0.3818984703125 0.121347053125 0.38777291875 0.12960797500000001 0.388719015625 0.133665396875 0.39947429218749997 0.1474938140625 0.411069396875 0.158025603125 0.4220907921875 0.16421565 0.42488934218749996 0.167124278125 0.427763925 0.1678505109375 0.4292154734375 0.1678044296875 0.43186022812499997 0.164723003125 0.4325082421875 0.156527515625 0.46034599531250003 0.15864125 0.459336821875 0.17720309375 0.46072184062500005 0.17906660624999998 0.4639117890625 0.1811453140625 0.47144687812499997 0.18335858124999999 0.4851890640625 0.1842848078125 0.5138666421875 0.183101915625 0.5400610359375 0.180362871875 0.57339739375 0.1703121734375 0.5994760109375 0.16049187812500001 0.6216294 0.1488887125 0.6287143375 0.1432138515625 0.6490230515625 0.122131846875 0.660098021875 0.105975428125 0.6718210015625 0.0816235203125 0.672229684375 0.0698931703125 0.67113151875 0.0702005296875 0.6686673437499999 0.06809877812500001 0.672400759375 0.064982790625 0.6755319562500001 0.0583434546875 0.6758360921875 0.0496138921875 0.6724638359374999 0.042363525 0.6733891984375 0.0366117078125 0.6674655031250001 0.0193599421875 0.6550001421875 0 0.4056057578125 0
2 0.656370625 0.3170065515625 0.6622355671875 0.3255402734375 0.6716516218749999 0.325786346875 0.674421659375 0.32951336875 0.6841245671875 0.3319303140625 0.6870846875 0.330201359375 0.6914756234375 0.31861708437499997 0.6942612140625 0.3010888359375 0.6930265375 0.2845057046875 0.688822234375 0.269924328125 0.662429121875 0.226345165625 0.6462875640625 0.211052759375 0.6331743828125 0.20247664375 0.613185359375 0.1935738125 0.595240596875 0.18842104531249998 0.579741003125 0.1859156234375 0.5486277609375 0.1841783703125 0.500870965625 0.19196188593750002 0.4964402875 0.19428252031249998 0.48472335781250003 0.197651953125 0.46481381875 0.20727640625000002 0.4617871671875 0.210914953125 0.4604989171875 0.2166782890625 0.4595562734375 0.2333305421875 0.46059136250000005 0.2556424484375 0.46870101562500005 0.3245992765625 0.474645446875 0.3516602796875 0.4780937359375 0.3567282578125 0.48234383281250004 0.3595908015625 0.4856478328125 0.358395925 0.49179790468749995 0.35874567968750004 0.508623765625 0.3543965671875 0.548777215625 0.3359545390625 0.559052103125 0.33235838906250004 0.5657171265625001 0.3283318421875 0.5781693375 0.32466656875 0.5926640828124999 0.314396521875 0.598563590625 0.3011293734375 0.6447089921875 0.3083843546875 0.645292203125 0.3124532984375 0.6463523515625 0.313237134375 0.6507164999999999 0.31282609375 0.656370625 0.3170065515625
2 0.6533759406249999 0.34053637812500004 0.645821840625 0.338868709375 0.643148575 0.342768534375 0.6401901796875 0.354852325 0.6336487078124999 0.3553324875 0.6285570593750001 0.34541173125 0.613830759375 0.34151927656250003 0.6113760874999999 0.339144728125 0.605961296875 0.338499134375 0.6031817546875 0.3350449109375 0.5958384765625 0.337730503125 0.5900703 0.3368236296875 0.5852292140625 0.3405197796875 0.5727579984375 0.3447306484375 0.5708200078125001 0.348334634375 0.5682227734375 0.35005206875 0.5547484328125 0.3518423109375 0.5477680406250001 0.354516384375 0.5425545640625 0.35849685 0.537808521875 0.359465009375 0.5286032859375001 0.3635721984375 0.5237622 0.36726834531249997 0.5120547734375 0.37036497968750004 0.5035848171875 0.374176328125 0.49630979531249997 0.385307165625 0.48930089218750006 0.3887996375 0.486580103125 0.39406345625 0.48410814843749994 0.4025893421875 0.48507325625000003 0.4061011671875 0.4882632046875 0.4081798765625 0.496562084375 0.4092789078125 0.518622159375 0.41075856718750003 0.537864675 0.40987519843750003 0.558214859375 0.408411675 0.5913801421875 0.40327135625 0.6089507859375 0.3983536046875 0.6284404109375 0.3903774640625 0.6499250515624999 0.377160546875 0.6690310546875 0.35938668906250004 0.675494765625 0.35073408125 0.677480275 0.3457661015625 0.67399396875 0.3417893203125 0.67200673125 0.3364024625 0.6670118515625 0.3341085546875 0.6623228343750001 0.33343992031249997 0.656096728125 0.3352725578125 0.6533759406249999 0.34053637812500004
2 0.404248834375 0.26015606406249997 0.39959005468750003 0.26902386875 0.394425825 0.28199517812499997 0.3900841390625 0.30257029687500003 0.3910302359375 0.30662771875 0.390104875 0.312379534375 0.3930209265625 0.33272424843750004 0.39635516718749997 0.3410658109375 0.40900264062499997 0.3630090734375 0.41573592187499997 0.3674277703125 0.4166820203125 0.3714851921875 0.434657021875 0.3861744 0.44712045937499995 0.39259116562499996 0.4387507421875 0.3102902328125 0.43475553125 0.28970728125 0.43455249062499995 0.27472638437499997 0.4317694953125 0.2505624859375 0.4289312015625 0.23839021875 0.42653355625 0.23437887656249998 0.42248477500000003 0.23614239218750002 0.4135188703125 0.2437844453125 0.4103116390625 0.252606171875 0.404248834375 0.26015606406249997
2 0.6733502484375 0.5475451046875001 0.656995275 0.569591584375 0.6507976828125 0.5706058234375 0.6459756046875 0.573756371875 0.637285325 0.5734872578125 0.6335899265625 0.575512053125 0.628891403125 0.5751162171875001 0.6240788296875001 0.57799396875 0.620995153125 0.583269309375 0.6150178859375 0.5883640109375 0.5937423374999999 0.595579353125 0.571083496875 0.6112860234374999 0.5673215671875 0.6152204078125 0.55990225625 0.6200883921875 0.5616596671874999 0.621667584375 0.567437346875 0.6223016593749999 0.5722119015625 0.6205151046874999 0.6024360703125 0.6165581421875 0.6196058109375 0.6127431062500001 0.637214471875 0.6067341625 0.6538200093750001 0.5983045859375 0.6712843796875 0.5860327859375001 0.68926370625 0.569384684375 0.6964912062499999 0.559617840625 0.70270608125 0.547703165625 0.70506398125 0.5424508671875 0.7057310046875 0.5337097828124999 0.7028659265625 0.5327107484375 0.696601803125 0.5356345796875 0.6786682734375 0.5405638500000001 0.6729381140624999 0.5385657828125 0.6733502484375 0.5475451046875001
2 0.596383640625 0.5717882515625 0.6171027625 0.5493307328125 0.6199280984375 0.5410661234374999 0.629294903125 0.5323213546875001 0.64150778125 0.5251212171875 0.643770640625 0.52259690625 0.66953561875 0.5217789734375 0.6707495609375 0.528552865625 0.67359563125 0.5300974984375 0.687909796875 0.5250106296875 0.7018040515624999 0.5215720734375 0.70769578125 0.5189325625000001 0.70958625 0.5166925703125 0.7103578171875 0.5049507 0.708159759375 0.49521058125 0.7011283953125 0.4785389734375 0.6886727328125 0.46149457343750006 0.67640888125 0.44934903125 0.662932815625 0.4407844359375 0.6465251390625 0.4331303953125 0.633622778125 0.42890754218750005 0.6152771125000001 0.424857490625 0.5932075343750001 0.423650628125 0.5641670703125 0.42484504218749997 0.5499669546875 0.426658321875 0.5262367343750001 0.43149911718749995 0.5086470828125 0.4369624640625 0.4913537875 0.444323884375 0.48392497187499994 0.44946466875 0.483085146875 0.45276129374999996 0.4870043234375 0.47552663749999996 0.48745015 0.514752075 0.5012363890625 0.6080534375 0.5059176296875 0.619349709375 0.5112278765625 0.6229960906249999 0.51916386875 0.624106640625 0.52859893125 0.6238071171875 0.5323038343750001 0.6215095234375 0.5427878140625 0.6119117968750001 0.5443819265625 0.6077737328125 0.543827228125 0.60288639375 0.54534530625 0.600930721875 0.5505112609375 0.5983142499999999 0.55517176875 0.5998012796875 0.5570527328125 0.5978340875 0.5639951078125 0.5962512109375 0.58519289375 0.5808634203125 0.58933671875 0.5763719171874999 0.596383640625 0.5717882515625
2 0.4527693734375 0.5946047250000001 0.4624057515625 0.5989312609375 0.466483046875 0.5963493468750001 0.46772377656249997 0.59195000625 0.45941453593750003 0.528721953125 0.4516936859375 0.5006273546875 0.44362290625 0.49298115156250005 0.4385044734375 0.4942336296875 0.4332434734375 0.499578090625 0.4331420921875 0.5024880359375 0.42971137343750004 0.507320140625 0.429722603125 0.517402178125 0.4281570046875 0.5207218453125 0.42773104218749997 0.54335263125 0.43249004218750003 0.56282135 0.438909684375 0.576242409375 0.4527693734375 0.5946047250000001
2 0.6984455765625001 0.8260580125000001 0.6970985749999999 0.8231033046875 0.703391209375 0.8193610781249999 0.70587439375 0.8209172296875 0.716424903125 0.8094099109374999 0.7233085234375001 0.7991089890625 0.7265062515625 0.7905600625 0.7256361874999999 0.78432025 0.7202974296875 0.7814922656250001 0.7300176171875 0.773008775 0.73279543125 0.7661081609375 0.7336810500000001 0.751092703125 0.7302690515625 0.7345786921874999 0.7225214171875 0.7176573281249999 0.7145646875 0.7067375390625 0.7065129171875 0.6985457375 0.6945264156250001 0.688843865625 0.6806779578125 0.6805635875 0.664977046875 0.6734321078125001 0.6455712328125001 0.6685982187499999 0.631494671875 0.6668651140625 0.6152312875 0.66547393125 0.588750040625 0.6660421046875 0.5577240625 0.6722044984375 0.535397871875 0.6783632046875 0.5065699515625 0.6942657171875 0.5041075046875 0.702518803125 0.501428184375 0.727401103125 0.5007836250000001 0.7563062625 0.49715820781250003 0.7771311390625 0.496032384375 0.8406587156249999 0.500550328125 0.8462377296874999 0.501181059375 0.848942678125 0.5075799671875 0.8525544999999999 0.5154779421875 0.85475624375 0.5207596765625 0.8592210218749999 0.5375872640625 0.8652267484375 0.549811371875 0.8681086484374999 0.5813540296874999 0.8679247906249999 0.5904737265625 0.866272790625 0.593042446875 0.8653737546875 0.5945795328125 0.8628724828125 0.6407024734375 0.8499633875000001 0.6428227718749999 0.8515310609375 0.653394015625 0.84983298125 0.6786898328125 0.8416725203125001 0.691628484375 0.8344493406250001 0.6984455765625001 0.8260580125000001
2 0.42980905937499997 0.119553590625 0.4344056171875 0.195706871875 0.43592629374999997 0.152059053125 0.42980905937499997 0.119553590625
2 0.36413764843749996 0.8184136078125 0.361768515625 0.81358386875 0.3381981421875 0.803432246875 0.32865680625000004 0.796377721875 0.32152262187499997 0.7930617390625 0.313041434375 0.7867910515625 0.3061068375 0.77774629375 0.29870480625 0.7717138421875 0.2944166921875 0.7699424921875 0.28915396875 0.7649321171875 0.2798519640625 0.7614124578125 0.275459303125 0.76264189375 0.2518154921875 0.712980515625 0.2536869546875 0.7112861203125 0.2545647953125 0.7068982984375001 0.25020842499999996 0.6966817046875 0.2579145890625 0.6939845906250001 0.262136175 0.69766553125 0.2637985421875 0.7019727140625001 0.26866986718749997 0.70781300625 0.2733588859375 0.708481640625 0.2745140765625 0.7065374875 0.28157050156249996 0.7016810234374999 0.2995610578125 0.695114959375 0.3080595265625 0.6904852140625 0.3304980421875 0.6706980828125 0.351019303125 0.6643241765625 0.36519090625 0.6633292921875 0.3765354453125 0.6602441796875 0.381969246875 0.6603441734375 0.3886532796875 0.655772028125 0.387363303125 0.651180528125 0.3760550546875 0.6428196093749999 0.3618247 0.63509645 0.334912309375 0.6272309 0.3089460171875 0.623422771875 0.27711650625 0.621435759375 0.2633172953125 0.6221463265625 0.2382115625 0.624850809375 0.21371755312500001 0.6308058390625 0.2023254921875 0.6352549484375001 0.176868103125 0.6480529921875 0.1589838203125 0.661973103125 0.145100796875 0.675493696875 0.13221139375 0.6917077171875 0.1233992859375 0.705339825 0.11278397343749999 0.7291115734375 0.10809840781249999 0.7491526125 0.10739336875000001 0.7589848921875 0.10903845625 0.774192509375 0.11454223906250001 0.7930925859375 0.11996826249999999 0.8038202171875 0.128259365625 0.815546884375 0.138756303125 0.8263860328125 0.1631872359375 0.8430502687500001 0.1781718765625 0.8499319906249999 0.2036422234375 0.8575708234375 0.208369259375 0.8571482625 0.21339265156249998 0.8586237734375001 0.23255913437500003 0.8599227968750001 0.25869650312500003 0.8588205453125 0.2838877734375 0.853660871875 0.3065958625 0.8469450453125 0.3385852171875 0.8339396390625 0.358867146875 0.8240308687500001 0.36261957031250003 0.8203692828125 0.3659235703125 0.8191744046875 0.36413764843749996 0.8184136078125
2 0.32353924218749996 0.745583215625 0.320216234375 0.747323690625 0.3171325578125 0.7525990296875 0.320772659375 0.7625658671875 0.3576782625 0.79572890625 0.363408421875 0.797726975 0.3686521375 0.8032829484375 0.375432940625 0.8063376515625 0.37681795937499996 0.8082011625 0.3807716984375 0.8091656359374999 0.39005296718750004 0.8028760578125 0.40741106406250005 0.7832502078125 0.412776609375 0.7749049593749999 0.41789331875 0.76329764375 0.41727209062500004 0.7603198984375 0.4129839765625 0.758548546875 0.3701330703125 0.7503714875 0.36577842656250004 0.7505097296875001 0.3600482671875 0.7485116625 0.35243714375 0.7484807859375 0.34913314375 0.7496756640625 0.32353924218749996 0.745583215625
2 0.36619143125 0.7074420671875 0.36288743125 0.7086369453125 0.347256503125 0.7203055468749999 0.3464927125 0.7214197828125 0.3488808546875 0.7257039234375 0.37462855 0.7357864265625 0.3945398140625 0.7365168093750001 0.40488295937499996 0.741365903125 0.412809446875 0.7427492531250001 0.4218341 0.74382524375 0.42406844843749997 0.7421193296874999 0.4264453578125 0.73632143125 0.42675899843750004 0.72731906875 0.42448317968750005 0.7094065046875 0.4196956671875 0.690756184375 0.41154712812499994 0.6749375359374999 0.40316098437500003 0.6659388578125001 0.38866623749999996 0.6762089046875001 0.38629883125000003 0.6817340046875 0.383310196875 0.6842813546875 0.3759971578125 0.6965033875 0.3681674375 0.7027468875 0.36619143125 0.7074420671875