2 0.5707671953125 0.358630953125 0.5730820109375 0.377728175 0.5730820109375 0.3888888890625 0.5704365078125 0.406498015625 0.5710978843750001 0.41220238125 0.577711640625 0.4201388890625 0.5882936515625 0.42757936562500004 0.6028439156250001 0.43551587343750003 0.6114417984375 0.4389880953125 0.6269841265625 0.443700396875 0.646164021875 0.44593253906249997 0.6699735453125 0.4454365078125 0.697420634375 0.43973214218749995 0.708994709375 0.4360119046875 0.734788359375 0.42113095312500004 0.7476851859375 0.41046627031250005 0.759259259375 0.39657738125 0.7678571421875 0.3802083328125 0.771494709375 0.35987103125000003 0.771164021875 0.34722222187499996 0.7675264546875 0.3318452375 0.7576058203125 0.3139880953125 0.752976190625 0.3105158734375 0.746362434375 0.30133928593750003 0.734788359375 0.2921626984375 0.7301587296875 0.28571428593750003 0.721891534375 0.2832341265625 0.71825396875 0.281001984375 0.7083333328125 0.278769840625 0.7013888890625 0.2748015875 0.6891534390625 0.2710813484375 0.6759259265625001 0.2693452375 0.6676587296875 0.2710813484375 0.6580687828125 0.271329365625 0.59424603125 0.2829861109375 0.5886243390625 0.2775297625 0.584325396875 0.2775297625 0.571759259375 0.28174603125000003 0.561838625 0.2891865078125 0.558862434375 0.294394840625 0.55621693125 0.2956349203125 0.5515873015625 0.3033234125 0.5482804234375 0.306299603125 0.54398148125 0.3144841265625 0.5429894187500001 0.318204365625 0.54365079375 0.32217261875 0.5582010578125 0.33779761875 0.5625 0.344494046875 0.5638227515625001 0.34970238125 0.5707671953125 0.358630953125
2 0.37599206406249996 0.4513888890625 0.39153439218749997 0.46006944375 0.4077380953125 0.4670138890625 0.43154761875 0.471230159375 0.45502645468749997 0.47222222187499996 0.471891534375 0.471230159375 0.4897486765625 0.468501984375 0.5089285718750001 0.4623015875 0.51818783125 0.4585813484375 0.53141534375 0.45089285781250005 0.5459656078124999 0.439980159375 0.5522486765625 0.43427579375 0.5608465609375 0.42385912656249997 0.56845238125 0.41071428593750003 0.572420634375 0.3814484125 0.5697751328125 0.362351190625 0.5608465609375 0.344494046875 0.552910053125 0.3335813484375 0.541005290625 0.3216765875 0.515873015625 0.3045634921875 0.49371693125 0.2946428578125 0.487103175 0.294146825 0.4831349203125 0.29092261875 0.46461640156249995 0.2854662703125 0.45502645468749997 0.284226190625 0.4520502640625 0.2854662703125 0.4513888890625 0.2886904765625 0.45238095312500004 0.2921626984375 0.45734127031250005 0.29588293593750004 0.4672619046875 0.2991071421875 0.4672619046875 0.3023313484375 0.4738756609375 0.3144841265625 0.4738756609375 0.325148809375 0.46660052968750004 0.33134920625 0.4427910046875 0.3395337296875 0.4272486765625 0.3397817453125 0.41997354531250003 0.344494046875 0.4143518515625 0.33928571406249997 0.41038359843750005 0.337549603125 0.408730159375 0.333829365625 0.403439153125 0.3333333328125 0.3769841265625 0.3258928578125 0.36607142812500004 0.3164682546875 0.3571428578125 0.3110119046875 0.35350529062499997 0.3107638890625 0.35052910000000004 0.315228175 0.34358465625 0.3209325390625 0.33002645468749997 0.3417658734375 0.3240740734375 0.362351190625 0.32473545000000004 0.38095238125 0.33002645468749997 0.39657738125 0.337632275 0.4117063484375 0.3492063484375 0.4273313484375 0.35615079375 0.43526785781250005 0.37599206406249996 0.4513888890625
2 0.771164021875 0.38368055624999997 0.775132275 0.3893849203125 0.778769840625 0.390376984375 0.7827380953125 0.3960813484375 0.7867063484375 0.3988095234375 0.8005952375 0.4047619046875 0.81845238125 0.41021825468750006 0.822089946875 0.412450396875 0.847222221875 0.41468253906249997 0.8660714281249999 0.4139384921875 0.8839285718750001 0.41195436562500004 0.90641534375 0.40550595312500004 0.9272486765625001 0.3960813484375 0.94378306875 0.384424603125 0.9570105812499999 0.372271825 0.9675925921875 0.3571428578125 0.9728835984374999 0.341269840625 0.9738756609375001 0.331101190625 0.9735449734375001 0.3216765875 0.96858465625 0.3023313484375 0.958994709375 0.286954365625 0.9520502640625 0.2792658734375 0.9308862437500001 0.2633928578125 0.9196428578125 0.2574404765625 0.9120370375 0.2549603171875 0.9083994703125 0.255704365625 0.9100529093749999 0.2574404765625 0.9113756609375001 0.263144840625 0.9103835984374999 0.2673611109375 0.900132275 0.275545634375 0.890542328125 0.2772817453125 0.8773148140625 0.2834821421875 0.8697089953124999 0.284226190625 0.8571428578125 0.283730159375 0.8363095234375001 0.268105159375 0.8359788359375001 0.2581845234375 0.840939153125 0.2517361109375 0.8300264546875 0.2462797625 0.8263888890625 0.24826388906250002 0.822089946875 0.247023809375 0.8141534390625 0.24727182499999997 0.7989417984375 0.2522321421875 0.784391534375 0.259424603125 0.7741402109375 0.266369046875 0.759920634375 0.2797619046875 0.7509920640625001 0.2919146828125 0.7483465609375 0.29786706406249996 0.7486772484374999 0.302579365625 0.7609126984375 0.3172123015625 0.7698412703125 0.3365575390625 0.771825396875 0.358630953125 0.7695105812499999 0.38095238125 0.771164021875 0.38368055624999997
2 0.23941798906249998 0.3918650796875 0.259589946875 0.3945932546875 0.302579365625 0.39112103125000003 0.31812169375 0.38616071406249997 0.3230820109375 0.38169642812500004 0.3230820109375 0.3675595234375 0.325396825 0.3519345234375 0.33697089999999996 0.3293650796875 0.3452380953125 0.318700396875 0.3501984125 0.3144841265625 0.3518518515625 0.310019840625 0.3429232796875 0.29737103125000003 0.3366402109375 0.291170634375 0.3330026453125 0.2891865078125 0.31878306875 0.29365079375 0.31349206406249996 0.293898809375 0.30555555624999997 0.29588293593750004 0.29298941875 0.3023313484375 0.2830687828125 0.3050595234375 0.2794312171875 0.3087797625 0.26521164062499997 0.312251984375 0.2367724875 0.3244047625 0.22585978906249998 0.32762896874999997 0.21626984062500001 0.3328373015625 0.20800264531249998 0.3353174609375 0.171296296875 0.3521825390625 0.1706349203125 0.3539186515625 0.171957671875 0.3571428578125 0.1898148140625 0.3730158734375 0.2043650796875 0.3814484125 0.2208994703125 0.387648809375 0.23941798906249998 0.3918650796875
2 0.3072089953125 0.27256944375000003 0.33928571406249997 0.256200396875 0.3386243390625 0.2537202375 0.3359788359375 0.25099206406249996 0.321759259375 0.2423115078125 0.30919312187500003 0.23685515937499999 0.2863756609375 0.2306547625 0.25826719531250003 0.22842261874999997 0.24470899531249998 0.2296626984375 0.227843915625 0.234126984375 0.2166005296875 0.23933531718749998 0.2053571421875 0.24727182499999997 0.1924603171875 0.259424603125 0.190476190625 0.2740575390625 0.1822089953125 0.2862103171875 0.1709656078125 0.296626984375 0.1617063484375 0.321924603125 0.1617063484375 0.3272817453125 0.160052909375 0.3298611109375 0.16832010625 0.32862103125000003 0.287367725 0.28075396874999997 0.2992724875 0.275049603125 0.3072089953125 0.27256944375000003
2 0.4126984125 0.2477678578125 0.4751984125 0.2388392859375 0.5079365078125 0.23164682499999997 0.541335978125 0.23164682499999997 0.5482804234375 0.2301587296875 0.5509259265625001 0.228174603125 0.5416666671875 0.21602182499999997 0.534060846875 0.20882936562499999 0.5238095234375 0.20114087343749998 0.509920634375 0.19345238125 0.48644179843749996 0.1852678578125 0.46825396875 0.1832837296875 0.453042328125 0.1835317453125 0.43551587343750003 0.1852678578125 0.43055555625 0.18799603125 0.42559523749999995 0.20238095312499998 0.41732804218749997 0.212549603125 0.4108796296875 0.21837797656250002 0.40641534375 0.22048611093749998 0.4011243390625 0.22147817500000003 0.39649470937500003 0.22048611093749998 0.3918650796875 0.22147817500000003 0.3885582015625 0.21676587343749998 0.384589946875 0.2199900796875 0.3796296296875 0.2358630953125 0.37929894218750004 0.24007936562499999 0.38062169375 0.243799603125 0.384589946875 0.246527778125 0.3921957671875 0.2487599203125 0.40046296249999996 0.2487599203125 0.4126984125 0.2477678578125
2 0.4632936515625 0.2827380953125 0.4705687828125 0.2867063484375 0.503637565625 0.297619046875 0.51884920625 0.3053075390625 0.525132275 0.310019840625 0.5370370375 0.3162202375 0.541005290625 0.31572420625 0.5519179890625 0.2991071421875 0.5621693125 0.28720238125 0.5648148140625 0.2792658734375 0.5628306875 0.2537202375 0.5615079359374999 0.2512400796875 0.5548941796875 0.24925595312499998 0.5482804234375 0.24925595312499998 0.5257936515625 0.25322420625 0.462632275 0.25967261875 0.45568783125 0.262896825 0.4517195765625 0.2619047625 0.447089946875 0.26215277812500004 0.44345238125 0.2641369046875 0.4391534390625 0.264880953125 0.4371693125 0.2673611109375 0.4371693125 0.2720734125 0.44312169375000005 0.2792658734375 0.447089946875 0.28174603125000003 0.4507275125 0.2832341265625 0.4546957671875 0.28224206406249996 0.4632936515625 0.2827380953125
2 0.709325396875 0.2232142859375 0.7149470906250001 0.22197420625 0.7205687828125 0.2224702375 0.7275132281250001 0.221726190625 0.7354497359375001 0.21949404687500002 0.73776455 0.21676587343749998 0.7324735453125 0.20808531718749998 0.7225529093749999 0.19717261875 0.7050264546875 0.184523809375 0.6894841265625 0.178075396875 0.677579365625 0.1755952375 0.6541005296875 0.1758432546875 0.6488095234375 0.181795634375 0.6226851859375 0.1956845234375 0.621693121875 0.19717261875 0.622354496875 0.2016369046875 0.61871693125 0.2078373015625 0.6177248671875 0.21701388906250002 0.61904761875 0.2209821421875 0.6230158734375 0.22371031718749998 0.6316137562499999 0.2251984125 0.68121693125 0.22470238125000003 0.709325396875 0.2232142859375
2 0.67438260625 0.26884920625 0.6944444437499999 0.27232142812500004 0.7258597890625 0.283978175 0.728505290625 0.28720238125 0.7321428578125 0.2862103171875 0.7361111109375 0.281498015625 0.740079365625 0.2735615078125 0.74404761875 0.25868055624999997 0.74404761875 0.24181547656250002 0.7417328046875 0.23958333281250002 0.7291666671875 0.2380952375 0.7172619046875 0.24007936562499999 0.712632275 0.2390873015625 0.70634920625 0.24156746093749998 0.6964285718750001 0.24131944375 0.68154761875 0.2445436515625 0.677579365625 0.24404761874999997 0.6729497359375001 0.2460317453125 0.6703042328125 0.2485119046875 0.665674603125 0.24677579375 0.6617063484375 0.2490079359375 0.65641534375 0.2477678578125 0.6541005296875 0.24330357187499999 0.6517857140625 0.24429563437500001 0.646164021875 0.24330357187499999 0.6425264546875 0.24826388906250002 0.646164021875 0.25967261875 0.6541005296875 0.268353175 0.6583994703125 0.2671130953125 0.6620370375 0.268353175 0.67438260625 0.26884920625
2 0.5727513234375 0.22445436562499999 0.5734126984375 0.2224702375 0.577380953125 0.2202380953125 0.5919312171875 0.218501984375 0.59391534375 0.2175099203125 0.596560846875 0.2053571421875 0.6041666671875 0.20114087343749998 0.6051587296875 0.1929563484375 0.603505290625 0.19072420625 0.599867725 0.18824404687500002 0.5955687828125 0.18700396875 0.5949074078125001 0.18824404687500002 0.572420634375 0.200148809375 0.559854496875 0.212549603125 0.5552248671875 0.22123015937499999 0.5545634921875 0.22569444375 0.5555555562500001 0.22743055625 0.5608465609375 0.22842261874999997 0.5625 0.22594246093749998 0.565145503125 0.2264384921875 0.5727513234375 0.22445436562499999
2 0.572089946875 0.2800099203125 0.57473545 0.2792658734375 0.578703703125 0.275049603125 0.5760582015625 0.255704365625 0.572089946875 0.2537202375 0.5707671953125 0.2539682546875 0.5677910046875 0.2574404765625 0.5644841265625 0.25347222187499996 0.5638227515625001 0.2564484125 0.5638227515625001 0.26512896874999997 0.5704365078125 0.2712053578125 0.572089946875 0.275545634375 0.5704365078125 0.2762896828125 0.5691137562499999 0.2790178578125 0.572089946875 0.2800099203125