2 0.2607276140625 0.5699940546875 0.2599381421875 0.5661653421875 0.2498210296875 0.551950775 0.23750277656250002 0.5417853906250001 0.22943616093750002 0.5395278078125 0.22057198906250003 0.5331904390625 0.21303608125 0.5267271859375 0.20027052968749998 0.5130154625000001 0.1780777546875 0.49616774374999995 0.1645363625 0.48939221093749996 0.14903896249999998 0.483935340625 0.1256205078125 0.4807402265625 0.101630915625 0.480495409375 0.0940116 0.481784165625 0.0633862390625 0.4926826 0.046051589062499995 0.502573259375 0.030190759374999997 0.5168573750000001 0.0206290703125 0.5302296937500001 0.0143733625 0.5531734421875 0.0144516859375 0.5659469406250001 0.0205814671875 0.5908019140625 0.030771359375 0.60727615 0.045907868750000004 0.6222112531249999 0.062006206249999994 0.6359848765625 0.083369078125 0.6477485140625 0.107682128125 0.6580363046875 0.130537534375 0.66443279375 0.1642722625 0.667342753125 0.1789074109375 0.66671124375 0.205790578125 0.6637226953125 0.2087326734375 0.661995778125 0.2239146984375 0.6576607453125 0.24544692656249997 0.6436576125 0.2532305140625 0.6371275921875 0.2606314953125 0.629059828125 0.26813205625 0.6137422031249999 0.26997739374999996 0.5986457484375001 0.2674876828125 0.5833935 0.2607276140625 0.5699940546875
2 0.4640079484375 0.5214518609375001 0.4466728390625 0.5003031874999999 0.44056223125000005 0.496726940625 0.4372375328125 0.49691611562500004 0.4284274234375 0.5025990218749999 0.41201417031250004 0.51007283125 0.40234990000000004 0.5099184296875 0.38955754531250003 0.5057162359375 0.380995115625 0.4984058671875 0.3757331265625 0.4901531 0.36571559374999996 0.468688671875 0.361649940625 0.46655558125 0.32911963437499997 0.470016371875 0.303718371875 0.47764945000000003 0.296514009375 0.481480246875 0.27874015 0.48807564374999995 0.2755610046875 0.4927841578125 0.26137061093749997 0.5072247609375 0.2605543390625 0.512905578125 0.2551902265625 0.5221654250000001 0.254325434375 0.526339796875 0.25234517031250003 0.5269052359375 0.25141568593749997 0.5290710140625 0.2511922671875 0.5428175093750001 0.252722690625 0.5489684859375 0.2668624828125 0.5743235234374999 0.2673259546875 0.5783720109375 0.27682341093749996 0.59403043125 0.2864851390625 0.604447584375 0.29846121875 0.614330596875 0.3171837375 0.6268481515625 0.3508593203125 0.6382633453125 0.370928815625 0.6408944125 0.3862563984375 0.6410787203125 0.41707583593750003 0.636206071875 0.43253534374999997 0.630144815625 0.450497734375 0.619061378125 0.46506264843749995 0.6059074468750001 0.47332842187499996 0.5936653078125 0.479942475 0.57150608125 0.4790746796875 0.5549038734375 0.470393496875 0.5335646359374999 0.4640079484375 0.5214518609375001
2 0.6628141390625 0.540827028125 0.6630375578125001 0.52708053125 0.6576729875 0.5053010437500001 0.65125509375 0.49218397031250005 0.6418465875 0.4792873703125 0.619866603125 0.4587048328125 0.6121825953125 0.4579849921875 0.6004384796875 0.46564588906250004 0.5855581953125 0.46900792031250005 0.57587775 0.46835137187500003 0.568495484375 0.46665853124999995 0.5651303515625 0.46559233437499997 0.5589793109375 0.46076071562500004 0.5528848765625 0.4576866203125 0.542889059375 0.44723816875000005 0.5330817734375 0.432301675 0.5171264484375 0.4333101453125 0.49431702031249997 0.43868285625 0.47561367656250003 0.44744402968749997 0.460412934375 0.461539665625 0.45092402343750004 0.477171653125 0.45026139218749994 0.4876228875 0.4474244234375 0.492613771875 0.44756189218750003 0.4968820375 0.4674539453125 0.5250288015625 0.4763236609375 0.541879996875 0.4815345875 0.5588890703125 0.4894692765625 0.567392215625 0.506219615625 0.5807262843750001 0.5301581453125 0.5897274078125 0.5372305859375001 0.5921421734375001 0.5523049453125 0.594805928125 0.5696613109374999 0.5959312437500001 0.5812977593750001 0.59526913125 0.6124431968749999 0.5901767046875 0.6363625546875 0.5778990984375 0.6441461421875 0.5713690796875001 0.6470154578125 0.5673824921875 0.6528834734375 0.5634265046875 0.6595273296874999 0.5525343281249999 0.6628141390625 0.540827028125
2 0.833427615625 0.5535560265624999 0.837339625 0.5509187015625 0.8411707703125 0.545770634375 0.842617478125 0.53898064375 0.8469604625 0.5290411500000001 0.847068128125 0.5220423640625 0.8463514359375001 0.5204733234375001 0.8433042171875 0.5189362734375 0.8422312 0.51664548125 0.8426790171875 0.5098662984375 0.838184784375 0.494426265625 0.8238888062499999 0.47456356875 0.8047270765625001 0.4587507484375 0.7952513390625 0.4541083046875 0.769723234375 0.44746143906249997 0.739776675 0.448410790625 0.7284257953125 0.44759775468749996 0.7156657875 0.4443998578125 0.710614046875 0.4426750265625 0.7024665671875 0.4379066984375 0.69845751875 0.437531128125 0.6745649640625 0.44029920625 0.6676380828124999 0.442403778125 0.650637521875 0.45232573593750003 0.6397152234375 0.46481964218750005 0.6387857390625 0.4669854203125 0.6397207671875 0.47533346875 0.6480542328125 0.48587650781249997 0.6554582156250001 0.49858532499999997 0.66010055 0.5082819421875 0.6641960046875 0.521682084375 0.6649748484375 0.5355224734374999 0.6634555109375 0.550399153125 0.6643420203125 0.5572407562499999 0.6713229640625 0.56715645625 0.694022184375 0.5790452828125 0.7047776703124999 0.5820553953125 0.7108640187499999 0.5848784171875 0.7359771703125 0.5889832421875 0.753659534375 0.5898887796875 0.7775440062500001 0.58686963125 0.8009245703125 0.5785466203125 0.8162789546875 0.569221396875 0.8318623031250001 0.5566635062499999 0.833427615625 0.5535560265624999
2 0.23594162968750002 0.4622886984375 0.23958424531250003 0.46162867343749997 0.24765085781249999 0.46388625625 0.25064955625 0.4639168578125 0.25227956093750004 0.46281797343750003 0.2565686328125 0.451204565625 0.26478334375 0.4477187359375 0.269657184375 0.44391993125000007 0.272168153125 0.4391488234375 0.272356684375 0.43466078281250004 0.27096373125 0.4327780703125 0.2451526015625 0.41734360156249994 0.2262900703125 0.41082053281249997 0.21239841718750002 0.4035115546875 0.20431563125 0.40075182343750004 0.1861859671875 0.3962999453125 0.1694816015625 0.3947350765625 0.15418636562500002 0.395555065625 0.136331640625 0.3996397171875 0.12453900625 0.4057941703125 0.106600875 0.41763083125 0.0994854625 0.424223446875 0.0915214296875 0.43549258125 0.08724044375 0.4473570640625 0.0872136421875 0.45686659374999994 0.0893692671875 0.472087546875 0.0916002125 0.47930541406250005 0.09365325468749999 0.48099964375 0.1122570171875 0.4794883296875 0.1389759140625 0.481741046875 0.15272201093749999 0.48453068750000006 0.17195097343750002 0.4920893484375 0.19306870781250002 0.5065835062499999 0.200841665625 0.510065165625 0.20368672187499998 0.505325353125 0.2038995140625 0.501590534375 0.20732379375 0.49415149999999997 0.21187163281250002 0.4905724734375 0.211375815625 0.48551968749999996 0.21967139218749998 0.4845446 0.22324122812499997 0.48162490625 0.230822653125 0.4688180234375 0.23169553281250002 0.46489472656249997 0.23594162968750002 0.4622886984375
2 0.3561227234375 0.3776759390625 0.3536628140625 0.37369074375 0.35028959843749996 0.372373471875 0.33827054218749997 0.3714978390625 0.31836277343749997 0.3738882609375 0.3002548265625 0.380452359375 0.2901488 0.3872654484375 0.28727948593749997 0.39125203750000004 0.2914098296875 0.395393721875 0.294791134375 0.3969620671875 0.3428729015625 0.4109784203125 0.35124934375 0.41251407812499996 0.36255170468750003 0.41182066875 0.36914449843749997 0.409684796875 0.382419040625 0.408174875 0.40582386406250004 0.4006050890625 0.4175007453125 0.4011983484375 0.42445997343749997 0.400098071875 0.417298584375 0.3949214875 0.40308093125 0.387832284375 0.4014104953125 0.3876757984375 0.3974823125 0.38981097343750004 0.39363499375 0.3944568921875 0.3899923796875 0.3951169203125 0.3816321109375 0.3940834125 0.36945941250000003 0.38843736562500003 0.3561227234375 0.3776759390625
2 0.29867980312500003 0.45565018437499993 0.304014571875 0.466162621875 0.30486064687500003 0.471748853125 0.3082500375 0.47356827343749996 0.3344003390625 0.46850853593749997 0.36095750781249997 0.46573976406249995 0.3760046078125 0.44687371562499995 0.3818726203125 0.44291772968750004 0.38279401874999996 0.44050087812500005 0.38150064375000003 0.43136830625 0.3790973421875 0.42914063125 0.3747218609375 0.42772946562499997 0.3594589703125 0.4295537546875 0.3436734609375 0.43583478593749997 0.3417740609375 0.43891096718749995 0.32020394375 0.4413959765625 0.306145475 0.4495910171875 0.3011503390625 0.44962370468749996 0.2989006796875 0.452166440625 0.29867980312500003 0.45565018437499993
2 0.29268748906250003 0.43506347500000003 0.308529603125 0.43053996562499997 0.312816134375 0.429189309375 0.3225799859375 0.4220938515625 0.3160139921875 0.4147201921875 0.3105877328125 0.4117086890625 0.30147033749999996 0.4078507671875 0.2880178953125 0.403837053125 0.2860942375 0.4061600140625 0.28446168906249997 0.41752165156250004 0.28071949531249996 0.4254315375 0.27685600625 0.42957530781250003 0.2769773015625 0.43334142499999995 0.2800326046875 0.435129546875 0.29268748906250003 0.43506347500000003
2 0.5359344578125 0.3967736046875 0.5315832359375 0.3961156640625 0.5080085953125 0.3984128890625 0.4808560328125 0.4033787359375 0.4729996671875 0.40764908593750004 0.46140365 0.40956657031250004 0.45521772031249996 0.4139934078125 0.4568370953125 0.4229062 0.4665933203125 0.4465990015625 0.46763601406250005 0.4479482640625 0.4709849734375 0.4485123125 0.48217412656249997 0.4443038625 0.48672196406249996 0.4407248359375 0.5088227859375001 0.43403415624999997 0.5207448046875001 0.43189689375 0.525112196875 0.43305698281250005 0.5313870781250001 0.43139196562500004 0.5424979078125001 0.41441001718750003 0.54573365625 0.4114590234375 0.5435997484375 0.40725404843749996 0.539517925 0.40461880937499994 0.5384267109375 0.4017631 0.5403584578125 0.3996912140625 0.5440576765625 0.4007887078125 0.54601368125 0.399470046875 0.5393319359375 0.3988440984375 0.5359344578125 0.3967736046875
2 0.6062838609375001 0.388595259375 0.5926186265625 0.388316365625 0.5926509734375001 0.38932066249999997 0.588014184375 0.39013787187500004 0.5866454890624999 0.38900838437499996 0.5853900046875 0.3913939390625 0.5854762625000001 0.39407215 0.5823078984375 0.3991153453125 0.5840106796875 0.4002761296875 0.5915036140625001 0.4157467671875 0.5945346578125 0.416781665625 0.59665239375 0.420484490625 0.6028519515624999 0.42682255468749997 0.6198555140625001 0.43767717656249994 0.6226171640625 0.440689375 0.6237407234375001 0.44454938281249995 0.62634064375 0.4425400921875 0.6252575171875 0.43993545625 0.6288516125 0.437768984375 0.6312144843749999 0.4387412890625 0.633097709375 0.43516295625 0.6275850390625 0.4191268828125 0.6211994921875 0.40701410625 0.6170610625 0.40262134843749997 0.6145688078125 0.397631853125 0.6062838609375001 0.388595259375
2 0.530955034375 0.3662691078125 0.5265067765625 0.36259827499999997 0.5218052953125001 0.3614068875 0.5074799734375001 0.361316471875 0.492543084375 0.3629209828125 0.47965115156250004 0.36596865 0.47148495625000003 0.370960925 0.4639869390625 0.37601579687500003 0.4654526703125 0.3801581765625 0.48090155 0.38410860156250004 0.50919384375 0.3835049109375 0.5333638828125 0.3790106125 0.5382377218750001 0.3752118078125 0.530955034375 0.3662691078125
2 0.9328366078125001 0.50654739375 0.9368239390624999 0.4959069875 0.938987190625 0.4803396796875 0.937588690625 0.467943140625 0.9325314062500001 0.45570448125 0.9275954171875 0.44723193749999995 0.9223981203125 0.4409877640625 0.9056396937500001 0.4274026203125 0.8873078671875 0.416673884375 0.8794459578125 0.41043040625 0.8555559453124999 0.40293573125000004 0.8512370703125001 0.40328208749999994 0.8415242796875001 0.40162124062500004 0.8388839265625 0.402375159375 0.8385983578125 0.40385030781250003 0.8410340078124999 0.40708228125 0.8468024421875 0.4103761546875 0.8495640921875 0.4133883546875 0.8507846875 0.4202612546875 0.850081625 0.4294571140625 0.8491764015625 0.432376115625 0.843731425 0.43912521875 0.832313309375 0.4465663390625 0.824041990625 0.4482946484375 0.804330840625 0.446448103125 0.7971937125 0.4420247421875 0.79148188125 0.44048838906250004 0.7849967546875 0.43562547343749997 0.780629359375 0.43446538593749995 0.7768897078125 0.4321125171875 0.7703373453125 0.4355037609375 0.7691788984375 0.4409022078125 0.7693001953125 0.44466832343749996 0.773675675 0.4460794859375 0.777089328125 0.44865213125 0.787812465625 0.45065794375 0.8050045593749999 0.457024525 0.8122306421875001 0.46420970468749995 0.820076378125 0.46995103125000004 0.8214935921875 0.47258696718750004 0.8276608031249999 0.47792073281249997 0.8388448703125 0.4942377859375 0.8427624249999999 0.5021142890625 0.8467097828125001 0.5212578421875 0.8462897453125 0.539241309375 0.8480733921875 0.5429128375000001 0.8594242718749999 0.5437258734375 0.8782974328125001 0.5402372609375 0.8944574609375 0.5352429 0.9099007968749999 0.5286794953125 0.9251985765624999 0.5175967531250001 0.9328366078125001 0.50654739375