2 0.41333801406250004 0.37965357499999997 0.41544715468750004 0.3795553703125 0.43291941874999995 0.3633215765625 0.42757118906249997 0.363321884375 0.42282523125000004 0.36180186718749996 0.4143638078125 0.3632736015625 0.387548828125 0.36999385 0.3440627921875 0.3827962203125 0.3219689046875 0.39211540624999996 0.3015334265625 0.406829078125 0.300981665625 0.4096735265625 0.297517209375 0.41232197499999995 0.3061053171875 0.41590152343750003 0.3227297703125 0.42590506718750004 0.3282536328125 0.42531625 0.3390759953125 0.426884959375 0.34583162343749996 0.43262244531249994 0.3506529609375 0.4343876703125 0.35662911875000003 0.43527007500000003 0.3587631265625 0.43409295312499996 0.37355275625 0.4358085625 0.375986725 0.42864833906250005 0.37930041718749996 0.4255094828125 0.3804039390625 0.4198205875 0.384244525 0.41491619999999996 0.3858003390625 0.4106985296875 0.38876276875000004 0.40873669062499995 0.4075141875 0.38622549375 0.40972279375 0.381811615625 0.41333801406250004 0.37965357499999997
2 0.42297990937499996 0.3797020640625 0.4102769015625 0.389413040625 0.4089720984375 0.3932874078125 0.40362543281249996 0.4002516296875 0.40417875625 0.4043710984375 0.4085485859375 0.4081470546875 0.41048287656250004 0.41211931718750006 0.412416384375 0.41260962343749996 0.4178897328125 0.41069668437500007 0.4207021796875 0.4117263984375 0.42253465781250005 0.40956845937499997 0.428108253125 0.40682180625 0.434484621875 0.4008873984375 0.4506901703125 0.390391553125 0.45592493906250003 0.3882824609375 0.461397503125 0.3828875640625 0.4653391203125 0.38063142031249997 0.4718406078125 0.37278438125 0.4712119 0.3684197109375 0.4473818703125 0.3616533296875 0.4362105921875 0.3717075125 0.43023521875000004 0.37430706406250003 0.42862888750000006 0.3772006140625 0.42297990937499996 0.3797020640625
2 0.5287299984375 0.44997268593750006 0.529129428125 0.43967391562499997 0.52606205625 0.42157771874999994 0.51764645 0.403481828125 0.5083286046875 0.392889365625 0.5044864546875 0.3908298375 0.5012473625 0.390731940625 0.49374025625 0.3929882890625 0.4875892515625 0.3961763484375 0.47985678125 0.4011790421875 0.47817506875 0.4038273890625 0.473831671875 0.4059364296875 0.4705933640625 0.40932048906249996 0.4635385515625 0.4130480625 0.45984872968749996 0.41844285625 0.45249239062499996 0.4211896109375 0.4397637328125 0.42849755156249997 0.4330112328125 0.436687896875 0.43165748125 0.4462020546875 0.42836865468749996 0.44826199375 0.42510547968749995 0.4527249734375 0.41717172812500003 0.4559131359375 0.41295345 0.45610954374999996 0.40941361093750006 0.4585127921875 0.3973361796875 0.45866060781250007 0.37958646875 0.469352709375 0.3703968703125 0.4707754484375 0.36361715625 0.46959883593749996 0.3593227109375 0.46606808437499997 0.3592714125 0.461262003125 0.362232278125 0.4523362515625 0.359619546875 0.44615715156249997 0.3547484734375 0.44654976562500004 0.3414144109375 0.44145019999999996 0.3215757328125 0.430269840625 0.3180848453125 0.427033290625 0.3080155234375 0.42443466093750004 0.29216976093749997 0.415804240625 0.284286525 0.42031652656249996 0.2785885953125 0.42845776874999997 0.2680227234375 0.45091945468750005 0.2641588359375 0.46386667499999995 0.2624810359375 0.48392480937500004 0.26258285 0.49005501249999994 0.26823652187499997 0.5084453109375 0.276726728125 0.5233044453125 0.2890583015625 0.5367411515625 0.3063611953125 0.54895153125 0.31856530625 0.553854996875 0.33790039374999997 0.558758053125 0.3586156609375 0.56003194375 0.3958768734375 0.5571363453125 0.40217864375 0.55443869375 0.413477384375 0.5529177515625 0.42791418437499995 0.548846465625 0.4523433609375 0.5401646890625 0.47360804375 0.5281482609375 0.49479656250000004 0.51240466875 0.5106112 0.494258346875 0.5242646171875001 0.46792219062499996 0.524715346875 0.4624295 0.5273505984375 0.45708380625 0.5287299984375 0.44997268593750006
2 0.7080525421874999 0.30955611250000004 0.7077983999999999 0.2959715875 0.7033508421875 0.281504553125 0.6990556156250001 0.27449184375 0.6860712515625 0.26125133906250003 0.6760765281250001 0.25541595625 0.657117571875 0.2482569625 0.650865534375 0.24879678125 0.6380607109375 0.25237755625 0.6150109375 0.2539482140625 0.609787821875 0.25203588906249996 0.5975075453125 0.2434052625 0.591682153125 0.2430132640625 0.5893965999999999 0.240218021875 0.5836963234375 0.237913390625 0.571367096875 0.234922559375 0.559766828125 0.2354626828125 0.5322236734375 0.24213393125 0.51058208125 0.252924340625 0.5084232078124999 0.25518037968749996 0.5083237406250001 0.2594960515625 0.5102844625 0.26935331093750003 0.536791821875 0.3462981546875 0.5419162546875 0.356008109375 0.5480696093749999 0.363265921875 0.5524658671875 0.372926875 0.5589456171875 0.3800865859375 0.566856065625 0.38494125625 0.5774274140625 0.3868532734375 0.5814700625 0.387245371875 0.5855873093749999 0.38440072187499996 0.5900068703125 0.38601884218750004 0.6089891296875 0.3851350015625 0.6173510890625 0.3879789375 0.633772696875 0.389204034375 0.652703659375 0.38351411406249997 0.6698254453125 0.37193930000000003 0.68192539375 0.360266690625 0.6982412765625 0.337951796875 0.705092459375 0.321963821875 0.7080525421874999 0.30955611250000004
2 0.49288149062500003 0.370478215625 0.49667312499999994 0.371213621875 0.504682259375 0.36827066249999996 0.5078957 0.36596552031249996 0.5073400296874999 0.351400178125 0.48490253125000005 0.28421439375 0.48256724375 0.2835769859375 0.47506326718749997 0.29976116406250003 0.471149646875 0.314866221875 0.470147940625 0.32668531875 0.4711551265625 0.3392399265625 0.473919403125 0.349391390625 0.48178011718749997 0.35640389687499996 0.4875829921875 0.3683206859375 0.4932576203125 0.3682222765625 0.49288149062500003 0.370478215625
2 0.5208749296875 0.5798354531250001 0.5165043203125 0.5725775390625001 0.5100999546875 0.5656630328125 0.5068608625000001 0.5655651359375 0.5048022359375001 0.5669874609375001 0.5040243296875 0.5690962984375 0.505632225 0.5731666640624999 0.5046281718750001 0.5745398875000001 0.5001837453125 0.5740006859375 0.49802487187500005 0.5762567265625 0.4851951828125 0.58091641875 0.47625737968750004 0.5854778078125 0.4667133859375 0.5741497328125 0.470253225 0.5717464875 0.47032782500000003 0.568509734375 0.47313948906250003 0.566057490625 0.46934785625000003 0.5653220828125 0.46967268593749995 0.5582600640625001 0.47778285 0.55796535 0.47969070937499997 0.556052615625 0.4771036265625 0.5522765546875 0.4779312671875 0.548009884375 0.46474796874999996 0.5434007249999999 0.4435811875 0.544137565625 0.4327347421875 0.5471297296875 0.429445915625 0.54918966875 0.39673094531249997 0.5587546718749999 0.3872149484375 0.560275509375 0.38385074218750004 0.5620902453125 0.3786027578125 0.5612568375 0.3736314390625 0.562483165625 0.3633367515625 0.5626308828125001 0.3355931015625 0.5709695578125 0.31563322031249996 0.5791116203125 0.3021515203125 0.5874494765625 0.28897213593750004 0.6002501078125 0.276346075 0.6171702046875 0.2670601359375 0.6368364453125 0.26374957499999996 0.6539031328125 0.26292428125 0.668615678125 0.2684769234375 0.68435773125 0.2805349640625 0.7096625359375001 0.30215716875 0.72432475 0.3213927890625 0.733543478125 0.3388697484375 0.73820143125 0.35285582187500003 0.739622834375 0.4179617140625 0.7310368031250001 0.44000586875 0.7238754562499999 0.463932234375 0.7123983328125 0.47382357812500003 0.7051396000000001 0.48087839062500004 0.7014120265625 0.49679405781249997 0.6859139484375001 0.5153690640625 0.6605093015625 0.5205641828124999 0.6495727125 0.5215169390625001 0.643393409375 0.52606005 0.63613498125 0.52676179375 0.630298984375 0.52949729375 0.624119578125 0.5283618640625 0.5995497703125 0.5208749296875 0.5798354531250001
2 0.7444901953125 0.44083854218749996 0.7406239593749999 0.4433398890625 0.73005339375 0.44490982968750004 0.712177784375 0.45403260625 0.7037917421875 0.4557495453125 0.695053653125 0.45516154531249997 0.6857117234375 0.449129959375 0.67724795 0.440155821875 0.669513915625 0.4381946 0.6672034953125 0.4364782765625 0.6684577796875 0.4312797875 0.6654440515625 0.42843554375000004 0.665141740625 0.4239727703125 0.6609483265625 0.42309026093749996 0.6525358515625 0.418922203125 0.63066498125 0.41504916875 0.622805046875 0.41151862031249997 0.609396384375 0.40965580625 0.5922971171875 0.40970583125 0.587902425 0.40700879375000004 0.5817257687499999 0.40779381406250004 0.568569684375 0.4125516125 0.56515574375 0.41652418124999996 0.55857809375 0.4206440578125 0.5563718343749999 0.435503809375 0.56070288125 0.4901850125 0.572443915625 0.5573714109375 0.5766909734375 0.5735058734375 0.5802323781250001 0.57806654375 0.5962778578125 0.58154758125 0.631355328125 0.5819869390625 0.6654776953125 0.5781597296875 0.6741901343750001 0.5763446875 0.696510171875 0.5677611140625001 0.7210388125 0.554763665625 0.7354740484375 0.5437284625000001 0.75031028125 0.5293584046875 0.7603508234375 0.5156261640625 0.7683568281250001 0.498755371875 0.7721453312500001 0.48556294843750003 0.7732729375 0.47531317656249994 0.7734718703125 0.46668183125 0.7711342359375 0.45559855000000005 0.7718864937500001 0.4510866765625 0.7602317968750001 0.4328928890625 0.7548827828125 0.4294112390625 0.7444901953125 0.44083854218749996
2 0.7602554390625 0.6498531921875 0.758548078125 0.6500984984375 0.7545551640625 0.6475485625 0.7503120156249999 0.6488238890625 0.746596546875 0.6518156421875 0.7445387046875 0.6567199265625 0.7405465718750001 0.6576519484375 0.7392161203125001 0.6591232734375 0.7456189234374999 0.6590738640625 0.75124381875 0.661133290625 0.7456966515625 0.66976494375 0.7487616781249999 0.6774152640625 0.7510720984375 0.6791315906250001 0.7482107 0.683741671875 0.73389745 0.678936409375 0.7266910921874999 0.6786916171875 0.718229665625 0.6801633515625001 0.7061265859375 0.6779081312499999 0.69922019375 0.6716802375 0.698691734375 0.6664818515625 0.6937188484375 0.6607442640625 0.6784007609375 0.6538302703125 0.6554745359374999 0.646524378125 0.6529379703125 0.6440724421875 0.648267396875 0.642797625 0.64043233125 0.6381881609375 0.6311416984375 0.636962653125 0.606985275 0.630294375 0.5930745859375001 0.6291181734375 0.5858690078125 0.6323553375000001 0.5835352859375 0.638681846875 0.5843249296875 0.688802378125 0.5870208671875 0.730046259375 0.5891074890625 0.7414728453125 0.592023315625 0.7555966765625 0.597297728125 0.7623150812499999 0.6359671203125 0.7686392328125 0.653468165625 0.768736309375 0.6767184375 0.765498225 0.6938417875 0.7608873265625 0.722488459375 0.7485271828125 0.7326813328124999 0.7422492640625 0.7463883953125 0.7311650609375 0.7592413859375 0.7184625328124999 0.76968370625 0.7048773921875 0.776460290625 0.692126171875 0.7808759375000001 0.6763345046875 0.7826291203125 0.656521571875 0.7819242484375 0.6484297390625 0.775166271875 0.632246378125 0.7710987578124999 0.632933196875 0.7673848515625 0.6428888671874999 0.761937153125 0.6472048453125 0.7602554390625 0.6498531921875
2 0.7053144234375 0.6393123921874999 0.7112897984375001 0.636712840625 0.7143035265625 0.639557084375 0.717768765625 0.6403905921875 0.71603731875 0.645196775 0.725101021875 0.6422047109375 0.7232669781250001 0.6373987343749999 0.7233407953125 0.630680025 0.732430146875 0.6300910015625 0.738206590625 0.63612279375 0.738557853125 0.6349457734375 0.7450360359375 0.63514156875 0.747396971875 0.638182015625 0.7535479796875 0.6349939546875001 0.7541999890625 0.6313157921875 0.7688629359375 0.6279801171875 0.770595165625 0.62665589375 0.7692880171875001 0.6200843859375 0.765445084375 0.6145429 0.7587391859375 0.6066475765625 0.7476891140624999 0.5973793374999999 0.7280011984375 0.5866893859375 0.713286171875 0.5817370234375 0.6871216375 0.57781519375 0.6667832781249999 0.577767321875 0.6487809906249999 0.5818388140625 0.6458682921875 0.5816428140625 0.641449515625 0.5835066515625 0.631481225 0.5835562640624999 0.625429684375 0.5824286562500001 0.6176210515625 0.5837041859375 0.6124484515625 0.583115984375 0.60283220625 0.5854705359375 0.5853832406249999 0.593661496875 0.5864642421874999 0.5994973921875 0.599373225 0.612492690625 0.6042948125 0.6134242000000001 0.6229273734375 0.6206812937499999 0.641408390625 0.6239660234375 0.6454013046875 0.6265159609375 0.655771371875 0.6266134484375 0.656525196875 0.6290654890625 0.6581323078125 0.62965389375 0.66388231875 0.629800690625 0.6739003421875001 0.627593240625 0.6763117953125 0.631957809375 0.6785468328125 0.6334289296875 0.68284049375 0.633477725 0.6863803328125 0.63107448125 0.6898704390625 0.6308290734375 0.69268366875 0.6353407421874999 0.69637505625 0.6369098640625 0.7009197312500001 0.6366153515625 0.7053144234375 0.6393123921874999
2 0.52913759375 0.6994966296875 0.5339364125 0.71278664375 0.5403415625 0.7231831093750001 0.5513170374999999 0.7356881015625001 0.559880275 0.740346565625 0.5634442 0.7333824453125 0.5633882078125 0.70768461875 0.56064488125 0.6790444484375 0.561647371875 0.6707073078125 0.559079678125 0.641478625 0.5568174265625 0.6306405500000001 0.5541036640625 0.6218132046875 0.5526721828125 0.6206362875 0.54875543125 0.6218135124999999 0.547074503125 0.627943815625 0.5424303593750001 0.6325540000000001 0.5329687890625 0.6528087484375 0.5290551703124999 0.6679138046875 0.527751934375 0.6787520875 0.5276540328125 0.690031675 0.52913759375 0.6994966296875
2 0.5407613375 0.8034152390625 0.5375727593749999 0.8046414640625 0.522807215625 0.7983649796875001 0.525392734375 0.795177125 0.525367084375 0.7927740828125 0.5386475015625 0.7826216984375 0.5356578578125 0.775216578125 0.5192828546875 0.7579058140625 0.4987657328125 0.74451861875 0.48615984531249995 0.7394680515625 0.4703653796875 0.735643709375 0.4409376703125 0.7361848578125 0.42622420781250003 0.7381964125 0.3988318203125 0.7453580671875 0.3846708984375 0.7480071328125 0.3564508703125 0.759435459375 0.3408600328125 0.7678715203124999 0.325445609375 0.7792010296874999 0.30460991718749997 0.8007315140625 0.2932645734375 0.8183381234375 0.28362815625 0.8426633390625 0.2817234265625 0.85850390625 0.2842149546875 0.8840054265624999 0.28758229218750003 0.8961185203124999 0.2931590171875 0.9072997 0.303557084375 0.9202461015625 0.31955439375 0.9328488890625 0.3350232453125 0.9402532906250001 0.35400706875 0.946333365625 0.379719309375 0.948783971875 0.39985638749999997 0.9470173140625 0.43593634843749995 0.9391195359375001 0.44713405625 0.93495035 0.46917742812499996 0.9243070437500001 0.4973453765625 0.904590678125 0.5103996484375 0.8937026796875 0.522850859375 0.8808530484375 0.5378611578125 0.8589305640625 0.5458415125 0.8396567328125 0.54909999375 0.814302009375 0.5472138703125 0.8012079953125 0.5444014234375001 0.8001782796875 0.5407613375 0.8034152390625