2 0.3551587296875 0.40972222187499996 0.35978835937500003 0.4169146828125 0.36375661406250004 0.41989087343750003 0.36904761875 0.42237103125 0.371362434375 0.421875 0.384589946875 0.42757936562500004 0.3888888890625 0.421626984375 0.3928571421875 0.41964285781250005 0.3955026453125 0.41468253906249997 0.40046296249999996 0.4112103171875 0.403108465625 0.4077380953125 0.40641534375 0.40674603125 0.43022486718749997 0.39112103125000003 0.43353174531249994 0.387648809375 0.4375 0.3866567453125 0.43948412656249997 0.38715277812500004 0.46031746093750003 0.3769841265625 0.45535714218749995 0.37549603125000003 0.4513888890625 0.3727678578125 0.44312169375000005 0.37177579375 0.41633597812499995 0.37053571406249997 0.372354496875 0.3702876984375 0.3492063484375 0.3727678578125 0.3260582015625 0.380704365625 0.32473545000000004 0.3831845234375 0.32076719531250003 0.38467261875 0.32771164062499997 0.390376984375 0.34027777812500004 0.40426587343750003 0.3455687828125 0.4052579359375 0.3551587296875 0.40972222187499996
2 0.43518518593750005 0.41840277812500004 0.4375 0.4169146828125 0.44345238125 0.41592261875 0.45105820156250004 0.41220238125 0.4690806875 0.40699404687499996 0.47453703750000004 0.406498015625 0.48115079375 0.40302579375 0.4854497359375 0.40203372968749995 0.49371693125 0.39657738125 0.49437830624999995 0.3923611109375 0.4742063484375 0.37946428593750003 0.4609788359375 0.3856646828125 0.4546957671875 0.3864087296875 0.45238095312500004 0.3886408734375 0.446428571875 0.3893849203125 0.43187830624999995 0.3948412703125 0.4295634921875 0.3980654765625 0.42261904687499996 0.40302579375 0.421957671875 0.40699404687499996 0.4249338625 0.4117063484375 0.42559523749999995 0.41592261875 0.4272486765625 0.4169146828125 0.4328703703125 0.4166666671875 0.43518518593750005 0.41840277812500004
2 0.2999338625 0.52157738125 0.3164682546875 0.531498015625 0.3353174609375 0.5384424609375 0.37070105781249996 0.546130953125 0.3773148140625 0.5453869046875 0.3882275125 0.547123015625 0.40277777812500004 0.54737103125 0.427910053125 0.546130953125 0.45105820156250004 0.54092261875 0.4751984125 0.5322420640625001 0.4950396828125 0.5198412703125 0.515211640625 0.49925595312500004 0.5171957671875 0.49429563437499996 0.521164021875 0.49007936562500004 0.5244709000000001 0.48387896875 0.527777778125 0.47445436562500004 0.5300925921874999 0.45684523749999995 0.5274470906250001 0.437748015625 0.521825396875 0.42534722187499996 0.51884920625 0.42237103125 0.515873015625 0.42137896875 0.5082671953125 0.42137896875 0.5016534390625 0.42261904687499996 0.49305555625 0.42509920625 0.490740740625 0.4270833328125 0.4861111109375 0.42782738125 0.48214285781250005 0.4300595234375 0.47453703750000004 0.43154761875 0.46957672031250003 0.43551587343750003 0.4619709 0.4360119046875 0.4480820109375 0.4392361109375 0.43948412656249997 0.4449404765625 0.43551587343750003 0.453373015625 0.43187830624999995 0.4543650796875 0.42757936562500004 0.45758928593750003 0.41931216875 0.4583333328125 0.415343915625 0.45734127031250005 0.4113756609375 0.4585813484375 0.400132275 0.45535714218749995 0.38062169375 0.46031746093750003 0.37169312187500003 0.45907738125 0.365740740625 0.456101190625 0.36276454999999996 0.4516369046875 0.3640873015625 0.44717261875 0.36937830625 0.43973214218749995 0.36871693125 0.43328372968749995 0.3640873015625 0.4322916671875 0.353174603125 0.42385912656249997 0.3379629625 0.4079861109375 0.3356481484375 0.40401785781250005 0.32705026406250004 0.3988095234375 0.3148148140625 0.3864087296875 0.30621693125 0.3883928578125 0.2986111109375 0.3943452375 0.2824074078125 0.41220238125 0.275132275 0.4231150796875 0.2678571421875 0.44122023749999995 0.266203703125 0.446924603125 0.266203703125 0.46552579375 0.2698412703125 0.481646825 0.277447090625 0.497519840625 0.29001322812499997 0.5136408734375 0.2999338625 0.52157738125
2 0.572420634375 0.42757936562500004 0.578373015625 0.43427579375 0.587632275 0.4389880953125 0.591269840625 0.440476190625 0.5958994703125 0.4389880953125 0.5995370375 0.44171627031250005 0.6173941796875 0.44618055625 0.624338625 0.45114087343750003 0.6392195765625 0.45684523749999995 0.6583994703125 0.45684523749999995 0.677579365625 0.45089285781250005 0.6921296296875 0.44345238125 0.7136243390625 0.4273313484375 0.7245370375 0.4144345234375 0.73082010625 0.403769840625 0.734457671875 0.39112103125000003 0.734457671875 0.3764880953125 0.7324735453125 0.368799603125 0.7242063484375 0.3529265875 0.7166005296875 0.34474206406249996 0.7010582015625 0.3328373015625 0.6951058203125 0.33159722187499996 0.6822089953125 0.33134920625 0.6603835984375 0.3263888890625 0.65608465625 0.3231646828125 0.6471560843749999 0.311755953125 0.6418650796875001 0.309771825 0.640542328125 0.30654761875 0.6359126984375 0.30282738125 0.6253306875 0.296626984375 0.6144179890625 0.293898809375 0.5869709000000001 0.29241071406249997 0.5638227515625001 0.29637896874999997 0.5611772484374999 0.29786706406249996 0.559854496875 0.3018353171875 0.558862434375 0.31150793593750004 0.5615079359374999 0.39012896874999997 0.5634920640625001 0.40054563437499996 0.5671296296875 0.408978175 0.56845238125 0.419146825 0.572420634375 0.42757936562500004
2 0.5171957671875 0.40203372968749995 0.5254629625 0.4015376984375 0.5291005296875 0.40029761875 0.5327380953125 0.3866567453125 0.53108465625 0.318204365625 0.5291005296875 0.31696428593750003 0.5175264546875 0.3298611109375 0.509589946875 0.34275793593750004 0.5052910046875 0.35342261875 0.502645503125 0.36532738125 0.5023148140625 0.37549603125000003 0.5076058203125 0.3841765875 0.509589946875 0.396825396875 0.514880953125 0.3983134921875 0.5138888890625 0.40029761875 0.5171957671875 0.40203372968749995
2 0.278769840625 0.703125 0.3416005296875 0.7132936515625 0.3640873015625 0.71279761875 0.38955026406250004 0.708829365625 0.4007936515625 0.7048611109375 0.40839947031249996 0.703373015625 0.42757936562500004 0.69345238125 0.4520502640625 0.67509920625 0.459986771875 0.6664186515625 0.462632275 0.6609623015625 0.46891534375 0.655505953125 0.471230159375 0.65029761875 0.4755291 0.6453373015625 0.48148148125 0.622271825 0.48015872968749995 0.6019345234375 0.478174603125 0.593998015625 0.4742063484375 0.5858134921875 0.471230159375 0.5848214281249999 0.46891534375 0.5855654765625 0.4675925921875 0.5873015875 0.46792327968749997 0.5915178578125 0.46660052968750004 0.5925099203124999 0.462632275 0.590773809375 0.459986771875 0.5922619046875 0.446759259375 0.593005953125 0.4371693125 0.5947420640625001 0.43154761875 0.581597221875 0.43551587343750003 0.5803571421875 0.4365079359375 0.577380953125 0.43981481406249995 0.5758928578125 0.4365079359375 0.5741567453124999 0.4388227515625 0.5677083328125 0.446428571875 0.5696924609375 0.44874338593749996 0.56845238125 0.44742063437499996 0.5642361109375 0.44940476250000005 0.5605158734375 0.4384920640625 0.552579365625 0.41865079375 0.54737103125 0.4077380953125 0.547123015625 0.40410052968750004 0.5481150796875001 0.3710317453125 0.5478670640625001 0.3617724875 0.546626984375 0.3581349203125 0.54737103125 0.35350529062499997 0.5451388890625 0.3485449734375 0.5448908734375 0.3389550265625 0.5421626984375 0.3108465609375 0.5421626984375 0.29001322812499997 0.544146825 0.275132275 0.5481150796875001 0.259259259375 0.556299603125 0.24272486718750003 0.56845238125 0.22850529062499997 0.58407738125 0.22056878281249997 0.5989583328125 0.215608465625 0.612351190625 0.21626984062500001 0.628472221875 0.2202380953125 0.6552579359374999 0.23611111093749998 0.674851190625 0.2513227515625 0.6887400796875001 0.266203703125 0.6979166671875 0.278769840625 0.703125
2 0.6233465609375 0.641369046875 0.646494709375 0.6396329359374999 0.6729497359375001 0.634424603125 0.6894841265625 0.62822420625 0.7073412703125 0.61904761875 0.7205687828125 0.609126984375 0.7328042328125 0.5957341265625 0.740079365625 0.5845734125 0.74404761875 0.575396825 0.746693121875 0.5674603171875 0.7476851859375 0.55654761875 0.7496693125 0.552579365625 0.74404761875 0.5324900796875001 0.740079365625 0.527777778125 0.7271825390625 0.5354662703125 0.7228835984375 0.5367063484375 0.712632275 0.5352182546875001 0.69345238125 0.5386904765625 0.6851851859375 0.5379464281249999 0.6772486765625 0.5349702375 0.6703042328125 0.5267857140625 0.6650132281250001 0.51612103125 0.6583994703125 0.512152778125 0.65674603125 0.509920634375 0.659391534375 0.5054563484375 0.6574074078125001 0.5019841265625 0.6583994703125 0.49776785781250005 0.6547619046875 0.49578372968749995 0.6481481484375 0.4895833328125 0.6289682546875001 0.47991071406249997 0.6226851859375 0.47445436562500004 0.6107804234375 0.468998015625 0.5949074078125001 0.46428571406249997 0.5916005296875 0.4605654765625 0.5856481484375 0.4595734125 0.572089946875 0.46031746093750003 0.5677910046875 0.46304563437499996 0.5605158734375 0.46502976250000005 0.5542328046875 0.478174603125 0.5426587296875 0.5300099203124999 0.534391534375 0.5954861109375 0.533730159375 0.6116071421875 0.5357142859375 0.6168154765625 0.549603175 0.62450396875 0.5820105812499999 0.63467261875 0.6147486765625 0.640625 0.6233465609375 0.641369046875
2 0.5889550265625 0.8177083328125001 0.61904761875 0.8142361109375 0.6302910046875 0.8112599203125 0.646164021875 0.8048115078125001 0.6617063484375 0.796626984375 0.67526455 0.786954365625 0.6851851859375 0.7770337296875 0.69378306875 0.7636408734375 0.7010582015625 0.7457837296875 0.702711640625 0.7380952375 0.7010582015625 0.721230159375 0.697089946875 0.7207341265625 0.690806878125 0.7289186515625 0.684523809375 0.731398809375 0.6822089953125 0.7333829359374999 0.6805555562500001 0.7331349203124999 0.677579365625 0.7296626984375 0.6732804234375 0.7296626984375 0.66898148125 0.731398809375 0.665674603125 0.7353670640625001 0.6617063484375 0.735119046875 0.6600529093749999 0.7361111109375 0.666005290625 0.737847221875 0.6706349203124999 0.7413194437499999 0.6630290999999999 0.7477678578125 0.6636904765625 0.755704365625 0.6653439156250001 0.7579365078125 0.6613756609375 0.7614087296875 0.6494709000000001 0.752976190625 0.6428571421875 0.750744046875 0.634589946875 0.749751984375 0.6240079359374999 0.744295634375 0.61937830625 0.7366071421875 0.6203703703125 0.731646825 0.6173941796875 0.724950396875 0.6051587296875 0.7142857140625 0.5859788359375 0.7011408734375 0.584325396875 0.6981646828125 0.5803571421875 0.6956845234375 0.5744047625 0.6892361109375 0.566137565625 0.6855158734375 0.5456349203124999 0.672619046875 0.5330687828125 0.6676587296875 0.5254629625 0.66865079375 0.521494709375 0.6738591265625 0.5079365078125 0.7204861109375 0.4986772484375 0.759424603125 0.497354496875 0.7705853171875 0.49603174531249994 0.78447420625 0.4990079359375 0.7921626984375 0.5330687828125 0.8087797625 0.5492724875 0.8137400796875 0.571759259375 0.8172123015625001 0.5889550265625 0.8177083328125001
2 0.5823412703125 0.6798115078125 0.5919312171875 0.6827876984375 0.5919312171875 0.6852678578125 0.59325396875 0.6862599203124999 0.5985449734375 0.68799603125 0.6084656078124999 0.6887400796875001 0.609457671875 0.69345238125 0.6111111109375 0.6954365078125 0.615079365625 0.6966765875 0.61904761875 0.6954365078125 0.622354496875 0.6961805562500001 0.6236772484374999 0.7011408734375 0.6266534390625 0.70362103125 0.63095238125 0.7046130953125 0.634259259375 0.7083333328125 0.640542328125 0.7075892859375 0.6425264546875 0.7110615078125 0.6455026453125 0.71279761875 0.6425264546875 0.7167658734375 0.6517857140625 0.7165178578125 0.6514550265625 0.7115575390625 0.653439153125 0.7053571421875 0.6620370375 0.7073412703125 0.665674603125 0.7145337296875 0.666335978125 0.7135416671875 0.672288359375 0.71552579375 0.6736111109375 0.718998015625 0.6802248671875 0.7177579359374999 0.68187830625 0.7145337296875 0.6964285718750001 0.71552579375 0.6984126984375 0.7147817453124999 0.6990740734374999 0.7083333328125 0.697089946875 0.7021329359374999 0.69312169375 0.6929563484375 0.6855158734375 0.681299603125 0.6703042328125 0.66592261875 0.6580687828125 0.6572420640625001 0.634920634375 0.646329365625 0.6160714281249999 0.640625 0.5982142859375 0.6393849203124999 0.5955687828125 0.6383928578125 0.590939153125 0.6388888890625 0.58167989375 0.6361607140625 0.5763888890625 0.6334325390625 0.56878306875 0.6324404765625 0.5641534390625 0.6304563484375 0.5545634921875 0.6299603171875 0.5360449734375 0.6326884921875 0.5353835984375 0.6383928578125 0.54365079375 0.6540178578125 0.5479497359375001 0.65625 0.563161375 0.6681547625 0.5793650796875001 0.6763392859375 0.5823412703125 0.6798115078125
2 0.4831349203125 0.7321428578125 0.48875661406250004 0.7048611109375 0.4920634921875 0.697420634375 0.49801587343750003 0.6696428578125 0.4990079359375 0.658978175 0.4990079359375 0.650049603125 0.49801587343750003 0.6485615078125 0.49404761875 0.6485615078125 0.490740740625 0.653769840625 0.48511904687499996 0.65674603125 0.4705687828125 0.6728670640625001 0.462632275 0.6857638890625 0.4583333328125 0.6954365078125 0.45502645468749997 0.705853175 0.45370370312499997 0.7150297625 0.4543650796875 0.728670634375 0.45734127031250005 0.740079365625 0.4639550265625 0.7547123015625 0.4705687828125 0.7614087296875 0.47585978906250004 0.75595238125 0.4831349203125 0.7321428578125
2 0.2208994703125 0.8948412703124999 0.24404761874999997 0.9042658734375 0.2632275125 0.9082341265625 0.2989417984375 0.9109623015625001 0.3105158734375 0.9102182546875 0.33399470937500003 0.906498015625 0.365740740625 0.8960813484375001 0.38095238125 0.8896329359375 0.396164021875 0.881200396875 0.41633597812499995 0.865079365625 0.4292328046875 0.849454365625 0.43948412656249997 0.8268849203125 0.44146825468750006 0.8142361109375 0.4391534390625 0.8125 0.434854496875 0.8144841265625 0.43154761875 0.8147321421875 0.41964285781250005 0.8048115078125001 0.4229497359375 0.802579365625 0.4236111109375 0.800347221875 0.4388227515625 0.7946428578125 0.43816137499999996 0.786954365625 0.427910053125 0.766369046875 0.4126984125 0.7482638890625 0.40244709062500006 0.740079365625 0.3888888890625 0.7321428578125 0.3614417984375 0.724454365625 0.34722222187499996 0.722222221875 0.3197751328125 0.721230159375 0.30588624375 0.7197420640625001 0.2764550265625 0.7224702375 0.259589946875 0.7259424609375 0.2420634921875 0.7321428578125 0.2166005296875 0.7462797625 0.20105820156249998 0.759424603125 0.1851851859375 0.7792658734375 0.178902115625 0.793402778125 0.1739417984375 0.8177083328125001 0.17361111093749998 0.8298611109375 0.1755952375 0.8417658734375 0.18154761875 0.856646825 0.1927910046875 0.8727678578125 0.20502645468749997 0.8839285718750001 0.2208994703125 0.8948412703124999