2 0.7513490328125 0.494990265625 0.7671269453125 0.48650883437500003 0.782006175 0.4742584671875 0.79406776875 0.458656996875 0.8014057484375 0.4376479953125 0.8031545812499999 0.4239831359375 0.8017681156249999 0.4066244390625 0.7939740828125 0.385151675 0.7895268015625 0.3803533203125 0.7838761515625 0.36896900781249997 0.7728406046875 0.3564402375 0.76888928125 0.348444575 0.7603277578125 0.343872721875 0.756750803125 0.34063547031249997 0.746352984375 0.3359485734375 0.7394754125 0.3300832546875 0.726812621875 0.3232636203125 0.7127422140624999 0.31834663750000003 0.7034780796875 0.3183043015625 0.693025953125 0.316358125 0.62179780625 0.314155553125 0.6166041843750001 0.30699676875000004 0.6119372765625 0.30600490625 0.5975929343749999 0.30763513124999997 0.585583246875 0.31333948437500003 0.5814843828125 0.31824810000000003 0.5784057890625001 0.318969934375 0.572098659375 0.32616148749999996 0.5680127703125 0.32859582187499997 0.561981971875 0.33639655625 0.560285046875 0.3401643 0.5603417515625 0.344579971875 0.5735336546875 0.36472291874999996 0.5770846546875 0.37290872343750003 0.5776526984375 0.3788092046875 0.5837036734375001 0.3900033703125 0.5830342171875 0.4110535125 0.5811743703125 0.42304341718750005 0.575368 0.441350446875 0.575135396875 0.4476312171875 0.580992696875 0.4576833171875 0.5912405749999999 0.46811809843749996 0.60571370625 0.48000133125 0.6144689046875 0.48571525156249995 0.630556303125 0.4943636265625 0.651005925 0.5011868453125 0.676936078125 0.5061473609375 0.70768308125 0.50635185625 0.720867784375 0.5050256234375 0.7513490328125 0.494990265625
2 0.58169628125 0.414897553125 0.5820067437499999 0.3937711140625 0.575289690625 0.37252723906249996 0.568492378125 0.3589726421875 0.55755246875 0.34343670937500004 0.5331207703125 0.319253596875 0.510721440625 0.30348399062500003 0.503624240625 0.3014251609375 0.4998536140625 0.29704584375 0.48065926875000003 0.2869114671875 0.470455121875 0.2833666375 0.46701753437500004 0.28401217343749996 0.46576225937500004 0.2873233296875 0.4662606203125 0.2912824140625 0.4710255640625 0.29642350781250004 0.4812580640625 0.302176175 0.480720775 0.3056399265625 0.48587546562500006 0.320221546875 0.4840982796875 0.3316785671875 0.47516718437499994 0.3366610875 0.44795580468749996 0.3399602859375 0.43104180468750003 0.3366407578125 0.42235869218750005 0.3400246234375 0.417123740625 0.33313228281249996 0.413105134375 0.33035161875 0.41193011874999996 0.325973496875 0.406268890625 0.3242198578125 0.3787893515625 0.31012280937500003 0.368513125 0.29748019062500003 0.359729571875 0.28955843593749997 0.3558219796875 0.2884527234375 0.35184710468749997 0.2925620109375 0.3433576640625 0.29708794374999997 0.3251672359375 0.3163409140625 0.31527497968749996 0.33708228125 0.31289321718749996 0.35721805156249997 0.3160333171875 0.37522467656249997 0.3217690296875 0.393232496875 0.331729996875 0.4126887671875 0.33794629062500003 0.4228171640625 0.3567994203125 0.44471375 0.3722255421875 0.457625203125 0.388658959375 0.4688241515625 0.41380384374999996 0.47884707187500003 0.4391270234375 0.48532994374999994 0.45760098281249995 0.4881553328125 0.47744123125 0.48934451718750005 0.499296071875 0.4871086953125 0.509967825 0.4852483828125 0.5256087703125 0.4800405578125 0.5432229796875 0.47167417343749996 0.550994434375 0.4669956453125 0.56206410625 0.45778879375 0.5725114328124999 0.44542218437500003 0.58169628125 0.414897553125
2 1 0.38100801406249996 0.9905177000000001 0.370777175 0.979303859375 0.361788453125 0.9714603203125 0.35736919375 0.9673874078125 0.35732925 0.9688930625 0.359575834375 0.9693784453125 0.366009196875 0.967598859375 0.370309825 0.9551061890625 0.37673720781250003 0.9444060828125 0.3763896875 0.929013115625 0.37999885624999996 0.9206322890624999 0.37904334687499996 0.9070732156249999 0.37561116875 0.8870604468750001 0.3540185765625 0.8883546515624999 0.343284584375 0.8948141250000001 0.33750154062500004 0.8838766140625 0.3291220015625 0.8795970546874999 0.330414271875 0.87513679375 0.32809019375 0.8664796328125 0.326525503125 0.8491393593750001 0.3283446796875 0.8321451015625 0.33271442812499996 0.8198590812500001 0.337809603125 0.802190565625 0.34891670937499997 0.7904725890625001 0.359912359375 0.7866087265624999 0.3656965984375 0.7861824515625 0.3708353 0.7970267234375 0.38937839687500003 0.803495796875 0.412220925 0.8019713906250001 0.4363920796875 0.7957387437500001 0.459837809375 0.797079078125 0.46315016406250004 0.80043640625 0.47019390312500003 0.8042200093749999 0.47209894218750004 0.8075773343750001 0.4791426828125 0.811430621875 0.482989115625 0.8255164078125 0.4925882171875 0.8439927687500001 0.5025699968749999 0.8475697203125 0.5058072484375 0.8744812156249999 0.5140038171875 0.8950678046875 0.51755343125 0.9147840625000001 0.5195419421875 0.9402701640625001 0.5178026515624999 0.96445725625 0.5124845671875 0.9843494125 0.5037766375 1 0.49422117656250003 1 0.38100801406249996
2 0.32097948593750003 0.2620569921875 0.31519426875 0.2611026796875 0.3062478 0.2614030828125 0.2915314875 0.265431290625 0.2803070703125 0.2660732421875 0.275738196875 0.2692306078125 0.25972288125 0.2696800203125 0.22682431875 0.276174134375 0.2144402625 0.27712007656250004 0.2031615375 0.2805027453125 0.19377341406249998 0.28125974062500003 0.15111475937500002 0.29090882812499996 0.150107465625 0.29262133125 0.1510061484375 0.296390271875 0.1677466484375 0.31756263125 0.182137121875 0.32997875 0.199053521875 0.34045466874999997 0.2184545171875 0.3492568328125 0.23989845937499998 0.3568418296875 0.28714616249999997 0.36303027499999996 0.3048454296875 0.361287396875 0.3109742640625 0.35763589218749997 0.31333007031250004 0.34244867968750003 0.3184468078125 0.326196890625 0.33477258593750003 0.30462103906250004 0.3455245984375 0.2950714484375 0.3516121015625 0.29168638593749996 0.3541510046875 0.28727191093750004 0.346566021875 0.271623325 0.3407784046875 0.2635126171875 0.3371601234375 0.2605418109375 0.32097948593750003 0.2620569921875
2 0.17395529375000002 0.2225529703125 0.16001367500000002 0.23114944375 0.1457462171875 0.25619024218750003 0.144853490625 0.26194539687499996 0.1426286953125 0.2643349109375 0.1518101671875 0.2649101296875 0.2890243125 0.24095375312499998 0.302898646875 0.23757227812499998 0.311927778125 0.23673898906250002 0.3494778703125 0.2265546234375 0.349173184375 0.22373760625 0.3467558703125 0.2201963609375 0.33276572031249996 0.2075900984375 0.320033246875 0.1988290734375 0.29629598281249997 0.1869035046875 0.2661535515625 0.1780202609375 0.2512281890625 0.1762242859375 0.2321756078125 0.1771290921875 0.21910192031250003 0.180130275 0.20557360156249999 0.186062325 0.18954770781250002 0.196142409375 0.184955284375 0.2114047265625 0.17395529375000002 0.2225529703125
2 0.4599256625 0.1743410078125 0.45214363124999996 0.18865020625 0.4414742796875 0.19766691249999999 0.4335026609375 0.20244051093749998 0.42830495468749996 0.20367525937500003 0.42239574687500003 0.20352027499999997 0.4175351640625 0.20138634375 0.41234394218750003 0.2013839515625 0.4095392828125 0.195558575 0.404694078125 0.1981067578125 0.3966640671875 0.2140146109375 0.395602465625 0.21846783281249998 0.39641848749999997 0.22276965781250002 0.40027177500000005 0.22661609062500002 0.40815664218750003 0.2307689078125 0.417131465625 0.2326763375 0.430579525 0.234433565625 0.499917071875 0.23926181406249997 0.53665594375 0.23908841249999999 0.57291423125 0.24679443124999997 0.5807010640625 0.24679801875 0.583903646875 0.24527685625 0.5758770125 0.23008485781250002 0.5688187421875 0.2206031953125 0.5589711875 0.20997826874999997 0.5451747109375 0.198514071875 0.5210501015625 0.18430437187499998 0.501636128125 0.17797648593749998 0.48508112187499997 0.17473325625 0.4657651859375 0.1725546 0.4599256625 0.1743410078125
2 0.552445859375 0.266388946875 0.482803625 0.2587436796875 0.4747274828125 0.2606051875 0.47058488593750003 0.25862385312499997 0.46551765625 0.257822134375 0.46123809375 0.2591144015625 0.45644719375 0.25892186562499997 0.4538799390625 0.2611285046875 0.45309466875000004 0.26619091093749997 0.45835797500000003 0.2752910875 0.462252590625 0.27887107968749997 0.4659535328125 0.2813090015625 0.4704267671875 0.2811588015625 0.479677925 0.2836754125 0.486914490625 0.28961702968749997 0.5209952703125 0.3089702140625 0.536227715625 0.3207395984375 0.5422633140625 0.3272516515625 0.5541538125 0.33665941093749996 0.5585443875 0.33704209218750003 0.5731602609374999 0.3217082640625 0.5862728796875001 0.3112842421875 0.59046738125 0.3033684640625 0.592570409375 0.2754671203125 0.5915477375 0.27249750625 0.5846985171875 0.268840025 0.5775186578125 0.2673140796875 0.552445859375 0.266388946875
2 0.6658943828125 0.22829916875 0.6658684296875 0.23324772500000002 0.6608862578125 0.23906951406250002 0.6582800718749999 0.2486989890625 0.6590547640625 0.25326725625 0.66290805 0.2571136890625 0.6719938875 0.26069606875 0.725925490625 0.27160776875 0.756687871875 0.276494378125 0.7629974015625 0.2764592203125 0.769017621875 0.27828915468750004 0.7766804625 0.2790920703125 0.7856682640625 0.27852522031250004 0.7886358453125 0.2761284375 0.78433850625 0.2655822 0.7753872328125 0.25156981875 0.758468434375 0.23393750624999998 0.7426703453125 0.22342403437499997 0.7301598968749999 0.21801291250000002 0.7046300671875 0.2128622515625 0.6978942609375001 0.21803611093750003 0.667219340625 0.22692940468749997 0.6658943828125 0.22829916875
2 0.7396700609375 0.292969078125 0.7229780875 0.29299945312500003 0.7187528328125 0.29155100156249997 0.713396290625 0.2926143796875 0.71011105 0.29466842656250003 0.7053744562500001 0.29173516718750003 0.700694571875 0.2932175828125 0.6951573343749999 0.290664615625 0.693388321875 0.285334571875 0.690710053125 0.2858662625 0.684772490625 0.2835034375 0.67999696875 0.2879930171875 0.6820447140625 0.301088634375 0.6892139984375001 0.31224525000000003 0.6940875578125 0.3119049015625 0.6978298281249999 0.3140763828125 0.711149453125 0.3174576734375 0.732349859375 0.3258165875 0.7645116828125 0.345587615625 0.7668463375 0.34966174375 0.7709605796875 0.34943524375 0.7760537640625 0.34528840625 0.7816842375 0.3376778171875 0.78847195 0.3226068421875 0.7912823859375 0.3044887625 0.7891414046875 0.3015567 0.7757476515625 0.297058753125 0.7624932656250001 0.296443590625 0.7576326843750001 0.2943096609375 0.75039851875 0.2955244359375 0.7396700609375 0.292969078125
2 0.5897277937500001 0.2388083359375 0.58826586875 0.243451703125 0.5890535375 0.2455456890625 0.5946321046875 0.247832215625 0.59684036875 0.245549278125 0.5996296531249999 0.24669253906250002 0.60821713125 0.2463158375 0.6092657578125 0.24433689374999998 0.6139456421875 0.242854478125 0.6300306421874999 0.244346459375 0.6323499171875 0.24373847343750002 0.6372470296875 0.23129317500000002 0.6462064765625 0.2285184921875 0.64864734375 0.2199547859375 0.6472243484375 0.2171753171875 0.643688725 0.213671625 0.6392284671875 0.21134755 0.63830383125 0.21252716718750003 0.611908471875 0.22012818906249998 0.5962002421875 0.2305510125 0.5897277937500001 0.2388083359375
2 0.5982412375 0.30584633125 0.6012371703125 0.30565738124999997 0.6062476953125 0.302043428125 0.6065994875 0.280650546875 0.6026222125 0.2776034421875 0.601144909375 0.2775646953125 0.5973353546875 0.2806082140625 0.594406703125 0.27558216406249997 0.59319275625 0.2786268765625 0.591746209375 0.287952359375 0.5979134859374999 0.29600614062499997 0.5989851765624999 0.30105036875 0.5970662234375 0.3014682109375 0.595175621875 0.30409388593750003 0.5982412375 0.30584633125