2 0.478174603125 0.6210317453124999 0.4947089953125 0.625248015625 0.5248015875 0.6302083328125 0.541005290625 0.630704365625 0.5648148140625 0.627976190625 0.583664021875 0.6232638890625 0.5995370375 0.6163194437499999 0.615410053125 0.6051587296875 0.6230158734375 0.5987103171875 0.6302910046875 0.590277778125 0.640542328125 0.5729166671875 0.646494709375 0.5538194437499999 0.646494709375 0.5364583328125 0.6421957671875 0.5260416671875 0.640873015625 0.518601190625 0.6319444437499999 0.5054563484375 0.6207010578125 0.4945436515625 0.6074735453125 0.484375 0.603174603125 0.481646825 0.596230159375 0.4791666671875 0.5916005296875 0.47594246093750003 0.5644841265625 0.4677579359375 0.534391534375 0.4640376984375 0.5171957671875 0.4637896828125 0.49305555625 0.46502976250000005 0.4861111109375 0.466021825 0.47982804218749997 0.468501984375 0.47089947031249996 0.4697420640625 0.46660052968750004 0.47197420625 0.459656084375 0.4734623015625 0.4543650796875 0.478174603125 0.45502645468749997 0.4794146828125 0.4583333328125 0.47991071406249997 0.45535714218749995 0.49677579375 0.440476190625 0.49776785781250005 0.43121693125 0.497271825 0.4272486765625 0.4982638890625 0.4209656078125 0.5017361109375 0.4140211640625 0.5079365078125 0.409391534375 0.534722221875 0.40972222187499996 0.5518353171875 0.4140211640625 0.568204365625 0.4232804234375 0.5845734125 0.4384920640625 0.6001984125 0.462632275 0.61532738125 0.478174603125 0.6210317453124999
2 0.228835978125 0.5520833328125 0.23247354531250003 0.559771825 0.2328042328125 0.5801091265625 0.2390873015625 0.593005953125 0.2476851859375 0.60342261875 0.24966931250000002 0.6078869046875 0.26653439218749997 0.625248015625 0.27017195781250003 0.6264880953125 0.2734788359375 0.6297123015625 0.2797619046875 0.631200396875 0.2830687828125 0.6304563484375 0.2867063484375 0.627480159375 0.296626984375 0.6148313484375 0.3101851859375 0.5925099203124999 0.316137565625 0.5853174609375 0.334325396875 0.5575396828125 0.34424603125000003 0.5451388890625 0.365079365625 0.5133928578125 0.36904761875 0.506200396875 0.36904761875 0.50322420625 0.34424603125000003 0.4908234125 0.33002645468749997 0.48635912656249997 0.3257275125 0.48660714218749995 0.31911375625 0.484126984375 0.30588624375 0.48214285781250005 0.2754629625 0.484623015625 0.252976190625 0.49007936562500004 0.2423941796875 0.493799603125 0.22850529062499997 0.500744046875 0.2119709 0.5136408734375 0.20370370312500002 0.52529761875 0.1990740734375 0.5352182546875001 0.1984126984375 0.54092261875 0.20105820156249998 0.543402778125 0.2043650796875 0.5446428578125 0.21362433906249997 0.5453869046875 0.22156084687500002 0.5481150796875001 0.228835978125 0.5520833328125
2 0.353174603125 0.6351686515625 0.3733465609375 0.6227678578125 0.375 0.6200396828125 0.3888888890625 0.6081349203124999 0.396164021875 0.5989583328125 0.40410052968750004 0.580853175 0.40575396875 0.5696924609375 0.40542327968749997 0.55927579375 0.4050925921875 0.5523313484375 0.403108465625 0.5488591265625 0.40178571406249997 0.5379464281249999 0.3988095234375 0.530505953125 0.39252645468749997 0.52157738125 0.387896825 0.525049603125 0.3875661375 0.5290178578125 0.38161375625 0.53125 0.3769841265625 0.5359623015625 0.372023809375 0.546626984375 0.36871693125 0.5486111109375 0.3634259265625 0.55654761875 0.3624338625 0.560019840625 0.3578042328125 0.5644841265625 0.35747354531250003 0.5674603171875 0.353174603125 0.5744047625 0.34722222187499996 0.5796130953125 0.340608465625 0.593501984375 0.3373015875 0.5959821421875 0.32771164062499997 0.609375 0.3121693125 0.6359126984375 0.311838625 0.6426091265625 0.31349206406249996 0.644097221875 0.316137565625 0.6443452375 0.32903439218749997 0.6426091265625 0.3419312171875 0.6393849203124999 0.353174603125 0.6351686515625
2 0.3455687828125 0.39012896874999997 0.35052910000000004 0.3985615078125 0.35350529062499997 0.40029761875 0.3551587296875 0.40575396875 0.3581349203125 0.4079861109375 0.359126984375 0.4114583328125 0.35582010625 0.41319444375 0.3544973546875 0.415178571875 0.35615079375 0.4201388890625 0.359126984375 0.421626984375 0.36276454999999996 0.42609127031250005 0.37400793593750004 0.444196428125 0.38062169375 0.45089285781250005 0.3859126984375 0.45882936562500004 0.39153439218749997 0.4635416671875 0.3998015875 0.46651785781250005 0.4080687828125 0.46428571406249997 0.43320105781249996 0.44469246093750003 0.434854496875 0.4422123015625 0.447089946875 0.43303571406249997 0.45601851875 0.42385912656249997 0.4632936515625 0.418898809375 0.46957672031250003 0.41220238125 0.471230159375 0.408730159375 0.47850529062499997 0.40426587343750003 0.4794973546875 0.40054563437499996 0.4609788359375 0.38963293593750004 0.434854496875 0.3789682546875 0.428240740625 0.37822420625 0.41600529062499997 0.374255953125 0.4014550265625 0.3730158734375 0.38392857187499996 0.3730158734375 0.36904761875 0.37549603125000003 0.3521825390625 0.3802083328125 0.3455687828125 0.3834325390625 0.3379629625 0.38467261875 0.3323412703125 0.3886408734375 0.32903439218749997 0.3926091265625 0.33002645468749997 0.39732142812500004 0.3333333328125 0.3960813484375 0.3386243390625 0.396825396875 0.3386243390625 0.3926091265625 0.3455687828125 0.39012896874999997
2 0.3416005296875 0.48859127031250005 0.3452380953125 0.4918154765625 0.3571428578125 0.49627976250000005 0.365079365625 0.500744046875 0.36904761875 0.5 0.3730158734375 0.49603174531249994 0.377976190625 0.48214285781250005 0.37599206406249996 0.47867063437499996 0.375 0.468501984375 0.3677248671875 0.4583333328125 0.36838624375 0.4548611109375 0.365079365625 0.45238095312500004 0.36375661406250004 0.452876984375 0.3647486765625 0.4613095234375 0.359457671875 0.46279761875 0.35052910000000004 0.44742063437499996 0.3458994703125 0.4422123015625 0.3429232796875 0.44097222187499996 0.341269840625 0.437748015625 0.3416005296875 0.435019840625 0.3379629625 0.437251984375 0.3359788359375 0.450396825 0.33134920625 0.450148809375 0.3263888890625 0.4387400796875 0.309523809375 0.43700396875 0.302910053125 0.43526785781250005 0.2992724875 0.4327876984375 0.29497354531250003 0.4424603171875 0.2953042328125 0.4580853171875 0.2982804234375 0.4675099203125 0.30588624375 0.48090277812500004 0.31349206406249996 0.4833829359375 0.33134920625 0.4856150796875 0.3416005296875 0.48859127031250005
2 0.45634920625 0.4704861109375 0.47453703750000004 0.46875 0.48048941875000006 0.466269840625 0.49801587343750003 0.46304563437499996 0.5 0.46180555625 0.5019841265625 0.45907738125 0.503306878125 0.45114087343750003 0.5 0.4270833328125 0.49669312187500003 0.421875 0.49404761875 0.42113095312500004 0.490740740625 0.4228670640625 0.48511904687499996 0.4265873015625 0.4828042328125 0.43055555625 0.47718253906249997 0.4357638890625 0.46792327968749997 0.43948412656249997 0.4457671953125 0.459325396875 0.44080687812499997 0.462549603125 0.4388227515625 0.46676587343750003 0.43187830624999995 0.47098214218749995 0.4249338625 0.47867063437499996 0.4236111109375 0.48239087343750003 0.4365079359375 0.48239087343750003 0.45105820156250004 0.47842261875 0.45535714218749995 0.47445436562500004 0.4546957671875 0.47222222187499996 0.45634920625 0.4704861109375
2 0.465939153125 0.3928571421875 0.478174603125 0.40228174531249994 0.4854497359375 0.3990575390625 0.5 0.38616071406249997 0.5085978843750001 0.372519840625 0.5082671953125 0.3633432546875 0.503637565625 0.35342261875 0.497354496875 0.3449900796875 0.49305555625 0.3417658734375 0.49007936562500004 0.33680555624999997 0.48247354531250003 0.3301091265625 0.47850529062499997 0.33134920625 0.47222222187499996 0.3365575390625 0.459656084375 0.3387896828125 0.44179894218750004 0.33506944375000003 0.43551587343750003 0.3303571421875 0.43154761875 0.330853175 0.42261904687499996 0.3422619046875 0.4166666671875 0.3581349203125 0.41600529062499997 0.372519840625 0.41765872968749995 0.37450396874999997 0.43419312187500003 0.3787202375 0.4391534390625 0.38169642812500004 0.45238095312500004 0.3859126984375 0.465939153125 0.3928571421875
2 0.5066137562499999 0.3415178578125 0.5138888890625 0.3501984125 0.525132275 0.361855159375 0.528769840625 0.3633432546875 0.5453042328125 0.3551587296875 0.572420634375 0.33680555624999997 0.5793650796875001 0.3301091265625 0.577380953125 0.3261408734375 0.565476190625 0.3177083328125 0.5492724875 0.309771825 0.5370370375 0.30555555624999997 0.5208333328125 0.3020833328125 0.5102513234375 0.3010912703125 0.497023809375 0.3010912703125 0.490740740625 0.302579365625 0.4874338625 0.3050595234375 0.48776454999999996 0.3085317453125 0.490740740625 0.31200396874999997 0.4923941796875 0.3229166671875 0.50562169375 0.3358134921875 0.5049603171875 0.33779761875 0.5066137562499999 0.3415178578125
2 0.577711640625 0.3883928578125 0.5767195765625 0.3831845234375 0.571759259375 0.380704365625 0.5707671953125 0.37822420625 0.5707671953125 0.3764880953125 0.57473545 0.372519840625 0.5853174609375 0.372023809375 0.5949074078125001 0.375 0.5985449734375 0.374255953125 0.5995370375 0.3732638890625 0.5992063484375 0.3616071421875 0.5955687828125 0.349950396875 0.5916005296875 0.3425099203125 0.587632275 0.343005953125 0.5674603171875 0.3573908734375 0.5638227515625001 0.358630953125 0.5390211640625 0.37822420625 0.537367725 0.380704365625 0.5300925921874999 0.38392857187499996 0.525132275 0.388144840625 0.5254629625 0.389880953125 0.528769840625 0.391369046875 0.5324074078125001 0.3953373015625 0.563161375 0.38963293593750004 0.5767195765625 0.3888888890625 0.577711640625 0.3883928578125
2 0.7050264546875 0.393105159375 0.715939153125 0.40029761875 0.7268518515625 0.40972222187499996 0.7374338625 0.4236111109375 0.7410714281249999 0.43303571406249997 0.74404761875 0.4360119046875 0.75562169375 0.435019840625 0.775132275 0.42881944375 0.7870370375 0.4228670640625 0.802579365625 0.412450396875 0.8174603171875001 0.3958333328125 0.8230820109374999 0.38194444375000003 0.827380953125 0.3668154765625 0.8257275125 0.35342261875 0.822089946875 0.3417658734375 0.8141534390625 0.3301091265625 0.80654761875 0.3229166671875 0.7919973546875 0.313244046875 0.7771164015625 0.30654761875 0.75562169375 0.3010912703125 0.7450396828125 0.302579365625 0.70634920625 0.32142857187499996 0.702711640625 0.3189484125 0.7010582015625 0.3162202375 0.69312169375 0.315228175 0.6914682546875001 0.3105158734375 0.6894841265625 0.30902777812500004 0.6855158734375 0.310019840625 0.68187830625 0.3070436515625 0.678240740625 0.310019840625 0.6749338625 0.3110119046875 0.66898148125 0.3107638890625 0.6643518515625 0.311755953125 0.650132275 0.32142857187499996 0.6425264546875 0.3293650796875 0.634589946875 0.340773809375 0.63062169375 0.353174603125 0.6302910046875 0.3668154765625 0.6316137562499999 0.37450396874999997 0.6332671953125 0.3767361109375 0.66931216875 0.3804563484375 0.697420634375 0.3893849203125 0.7050264546875 0.393105159375
2 0.5823412703125 0.47247023749999995 0.6021825390625 0.48040674531249994 0.6203703703125 0.493799603125 0.6319444437499999 0.5054563484375 0.640542328125 0.5176091265625 0.646494709375 0.530505953125 0.6626984125 0.5300099203124999 0.677579365625 0.5272817453124999 0.69345238125 0.521825396875 0.708664021875 0.5136408734375 0.71891534375 0.5054563484375 0.7361111109375 0.48387896875 0.7427248671875 0.4670138890625 0.7450396828125 0.446924603125 0.7427248671875 0.4429563484375 0.7397486765625 0.43154761875 0.7334656078124999 0.419394840625 0.7208994703125 0.4052579359375 0.7080026453125 0.3958333328125 0.6947751328125 0.3891369046875 0.6739417984375 0.3824404765625 0.6547619046875 0.3789682546875 0.622354496875 0.3787202375 0.6114417984375 0.380704365625 0.6081349203124999 0.3824404765625 0.6028439156250001 0.380704365625 0.6005290999999999 0.38169642812500004 0.5975529093749999 0.3866567453125 0.587632275 0.3883928578125 0.55621693125 0.403273809375 0.5453042328125 0.4047619046875 0.54431216875 0.4079861109375 0.53141534375 0.4273313484375 0.5274470906250001 0.4392361109375 0.5271164015625 0.4513888890625 0.528108465625 0.45882936562500004 0.5297619046875 0.46180555625 0.5327380953125 0.4632936515625 0.5644841265625 0.4672619046875 0.5823412703125 0.47247023749999995