2 0.48775511875 0.7800765421875 0.49498041875 0.770220721875 0.501816890625 0.75770579375 0.5078270234375 0.7364700156249999 0.508275096875 0.7187549953125 0.5063571812500001 0.7072916499999999 0.4970079796875 0.69128835 0.49334443125 0.6804017578125 0.4890755109375 0.6762370515625 0.4840476640625 0.6680628375000001 0.47876956249999997 0.6669139453125 0.47140194375 0.66682359375 0.46370542343750004 0.6682619984375 0.459189996875 0.67138435625 0.45148972968749995 0.6725610171875 0.42691602343749996 0.6712128875000001 0.41747693437500005 0.648927796875 0.419902846875 0.6468639828125 0.43145324531250007 0.6450989875 0.43630506562500004 0.6409713609375001 0.4545615328125 0.6420924828125 0.45911441406250003 0.641587540625 0.46013857500000005 0.6396186921875 0.4516194578125 0.632597984375 0.4424050859375 0.626017375 0.4250866390625 0.6169073515625 0.405678675 0.6088558749999999 0.39651673593750003 0.605939640625 0.37645845625 0.6014691546875001 0.3574842609375 0.5992176796875001 0.32627564531250003 0.5999565140625001 0.3052681109375 0.6026897015625 0.271742196875 0.613082853125 0.25885745937500004 0.61965415625 0.23905760156250003 0.63324381875 0.2231678 0.650433009375 0.21390916249999997 0.6652734921875 0.2098574640625 0.6762897828125001 0.20691980937499999 0.6916190156249999 0.2067145 0.7017852312499999 0.2086923390625 0.7174364390625 0.2160119484375 0.7386861421875001 0.22286407812500003 0.7517801687500001 0.2325272 0.76520775 0.24854501875 0.78147975 0.2662897421875 0.7958662921874999 0.291039475 0.809516265625 0.295263453125 0.8105400749999999 0.3065598546875 0.8155386609375 0.3241734953125 0.82076425625 0.3554682515625 0.82604546875 0.368457853125 0.8268029234375 0.3831855984375 0.8264601390624999 0.4076956375 0.8233586703125001 0.4202776859375 0.8201483093749999 0.444701584375 0.8110267890625 0.4676600640625 0.7975506296875 0.4794569703125 0.7884985734375001 0.48775511875 0.7800765421875
2 0.5897441765625 0.553353178125 0.5942670953125 0.5507543046875 0.5988387015625001 0.55155806875 0.6016234781249999 0.55005943125 0.6014849046874999 0.5403750015625 0.592535765625 0.527816034375 0.5864013640625 0.515852359375 0.5753589609375 0.50409019375 0.569677053125 0.499235228125 0.5608327796875 0.4940050203125 0.5597786578124999 0.4938799359375 0.5559734671875 0.49760916406250005 0.5521008640625 0.49662704687500003 0.54405296875 0.4980237578125 0.539470128125 0.49643476875000003 0.535997584375 0.49889698437499996 0.5279309640625 0.4989849875 0.5230491796875001 0.5010186859375 0.5188326921875 0.5005183578125 0.514306028125 0.502855490625 0.50730101875 0.5035920578125 0.5010174859375 0.5057207203125 0.495462915625 0.5097649609375 0.49196415781249997 0.5103949859375 0.48988587343749995 0.512238753125 0.4860207609375 0.51178011875 0.4818342359375 0.5133737218750001 0.46916979062499997 0.5108257734375 0.46463189062500004 0.51237768125 0.4639516140625 0.513864740625 0.46612352812499996 0.5185645078125 0.4693308359375 0.52208065 0.46835161718749996 0.52719039375 0.4698619796875 0.5346859265624999 0.482142021875 0.5593984984375 0.49363691718749997 0.578269375 0.49753574062499994 0.5810836796875 0.5035353125 0.5836246671875001 0.507400428125 0.5840833 0.5171977015625 0.582371578125 0.529413396875 0.578072559375 0.537109915625 0.5766341546875 0.5405787140625 0.5739101984375 0.5451428296875 0.5741904796874999 0.5587640203124999 0.5700582359374999 0.57026573125 0.5648906046875 0.57546518125 0.5605429296875 0.5866454812499999 0.557427534375 0.5897441765625 0.553353178125
2 0.6655766125 0.5333474890625001 0.6499925640625001 0.5228754906249999 0.62598303125 0.5119263171874999 0.6143464921875 0.5076712609375 0.6094235109375 0.5068258046875 0.5991924671875 0.5027375234375 0.5925126171875 0.501683596875 0.5907145500000001 0.49859597187500004 0.591719984375 0.49531841718749997 0.5895930140625001 0.49375954687499995 0.5804610359375 0.49293724531249994 0.579806975 0.4962564953125 0.5780388703125 0.4952628 0.5780014171875 0.4926453875 0.5765996671875 0.49274035312500003 0.5755567796875 0.49340049218750004 0.576981003125 0.49487597812499995 0.5851187828125 0.49976105937500004 0.5910921390625 0.50046985625 0.591806125 0.50133846875 0.589372721875 0.5028787984374999 0.5918960109375 0.507620259375 0.597204071875 0.51086308125 0.6060820515625001 0.5184489640625001 0.61209660625 0.52203691875 0.616380509375 0.5272485890625 0.62276141875 0.5319252 0.6259949453125 0.5372735328125 0.6313142421875 0.5413015796875 0.635590653125 0.5459897671875 0.643604840625 0.5422373859375 0.6499033562500001 0.5411556875 0.65827640625 0.53796848125 0.6641973328125 0.5350129031249999 0.6655766125 0.5333474890625001
2 0.589747921875 0.5536149203125 0.5942670953125 0.5507543046875 0.598491075 0.551778115625 0.6016234781249999 0.55005943125 0.6018437703124999 0.540940178125 0.592535765625 0.527816034375 0.5864013640625 0.515852359375 0.5821174609375 0.5106406890625 0.5703835453125 0.4995803578125 0.5604814046875 0.493963325 0.5559734671875 0.49760916406250005 0.5520933734375 0.4961035640625 0.5524559828125 0.49693048281249996 0.55071409375 0.497768978125 0.547551728125 0.49739373125 0.5437053406250001 0.49824380625 0.5394776171875 0.496958253125 0.53529858125 0.4990753375 0.5275833359375001 0.4992050359375 0.5230491796875001 0.5010186859375 0.5188326921875 0.5005183578125 0.514657403125 0.502897184375 0.5080037671875 0.5036754453125 0.5006736015625 0.506202509375 0.49686092187500003 0.5094082531249999 0.49196790312500005 0.5106567265625 0.49023724843750005 0.5122804453125 0.4860207609375 0.51178011875 0.482185609375 0.513415415625 0.46916979062499997 0.5108257734375 0.46497951875 0.5121576328125 0.46359274843750004 0.5132995625000001 0.466127271875 0.5188262484374999 0.46897946093750004 0.5220389562500001 0.46798526249999994 0.5261017328125 0.4698619796875 0.5346859265624999 0.48178315625 0.558833321875 0.49363691718749997 0.578269375 0.496122753125 0.580393421875 0.5031839375 0.5835829718750001 0.5077518000000001 0.5841249937499999 0.5189470796875 0.5820565640625001 0.529413396875 0.578072559375 0.537109915625 0.5766341546875 0.5409263421875 0.5736901515625 0.5447914546875 0.5741487843749999 0.5584163906249999 0.5702782828124999 0.57026573125 0.5648906046875 0.5761604390625 0.5601028343750001 0.58629785 0.5576475828125 0.589747921875 0.5536149203125
2 0.6249251640625 0.5115394953125 0.5988410921875 0.5026958296874999 0.5921612421875 0.5016419015625 0.5907145500000001 0.49859597187500004 0.591719984375 0.49531841718749997 0.5899443875 0.493801240625 0.576592175 0.49221686875000004 0.5752091515625 0.493620540625 0.58123494375 0.4979937171875 0.586890634375 0.5010164921875 0.5910921390625 0.50046985625 0.5886662296875 0.5025336703125001 0.5918997546875 0.5078820000000001 0.597914309375 0.5114699515625001 0.606792290625 0.5190558359375 0.612810590625 0.522905528125 0.6167393734375 0.527813765625 0.6231202812500001 0.5324903765625 0.625639825 0.5369700953125001 0.635590653125 0.5459897671875 0.643604840625 0.5422373859375 0.6499033562500001 0.5411556875 0.65827640625 0.53796848125 0.665232728125 0.533829278125 0.6652177484374999 0.5327823125 0.647873084375 0.5218401015625 0.6249251640625 0.5115394953125
2 0.7145132578125 0.6193724546875 0.712823125 0.5993133390625001 0.706580109375 0.579759165625 0.7023636234375 0.5792588375000001 0.6968090515625 0.5833030781249999 0.684914771875 0.5855498625 0.67758835 0.588338665625 0.6653127328124999 0.588449825 0.652995915625 0.585681828125 0.648749465625 0.58308756875 0.64558335625 0.5824505828125 0.6392623687500001 0.58196183125 0.636466359375 0.5826752453124999 0.6276782640625 0.581371153125 0.6237569703125 0.5769864 0.61813873125 0.5765810375 0.6103935234375 0.5746168046875 0.6026970046875 0.576055209375 0.596420959375 0.5787073546875 0.5729725328125 0.582457390625 0.56179598125 0.5858345265625 0.55796831875 0.587993303125 0.53386583125 0.5950625890625 0.5244686203125 0.60021864375 0.5202671140625 0.60076528125 0.5146975640625 0.6037625546875 0.5119165328124999 0.6055229328125 0.509509346875 0.6088954546875 0.5089601546875 0.6195434609375 0.51047800625 0.6275624734374999 0.5188816984375 0.651031190625 0.5222238359375 0.66397001875 0.525105984375 0.6692766546875 0.5284181593749999 0.6801215546875 0.5305601109375 0.682727390625 0.5474934765625 0.68944004375 0.5844139625 0.695650103125 0.6138881796875 0.69627324375 0.63350894375 0.6946819875 0.658658059375 0.6872143015625001 0.6701560265625 0.6817849296875 0.683018290625 0.6736431796875 0.689952140625 0.6679335265625 0.6954917296875001 0.6628423203125 0.7034085390625 0.652284665625 0.7102375234375 0.6392462546875 0.7132463359375001 0.6288901078125 0.7145132578125 0.6193724546875
2 0.46279601093749995 0.6292208484375 0.46667236093750003 0.6304647078125 0.471542909375 0.6276457859375 0.47291844375 0.62571863125 0.47203592499999997 0.6130716609375 0.46880240000000006 0.607723328125 0.4668732484375 0.5954747578124999 0.46155020625 0.5911849703125001 0.45777055625 0.5721844 0.45059326562499996 0.5608808640625 0.44866372343750005 0.561063128125 0.44643670156250004 0.5645684 0.44479967968749995 0.57273565 0.44503562968750005 0.5892253546874999 0.449854421875 0.60730404375 0.45781310781249995 0.62418753125 0.46135680937499995 0.6266984015625 0.46279601093749995 0.6292208484375
2 0.45781310781249995 0.62418753125 0.462067046875 0.627305271875 0.4627922671875 0.6289591078125001 0.4670162453125 0.62998291875 0.47119527968749997 0.6278658328125 0.47291844375 0.62571863125 0.47203966875000003 0.6133334015624999 0.4688061453125 0.6079850718750001 0.4668732484375 0.5954747578124999 0.4633370390625 0.593487371875 0.461191340625 0.59061979375 0.4596098203125 0.5781511765625 0.45777055625 0.5721844 0.45059326562499996 0.5608808640625 0.448454153125 0.5613119109375 0.446776840625 0.56382486875 0.44480342500000003 0.5729973937499999 0.44502813906250005 0.5887018703125 0.4494880671875 0.606215384375 0.45781310781249995 0.62418753125
2 0.7145132578125 0.6193724546875 0.712823125 0.5993133390625001 0.706580109375 0.579759165625 0.702359878125 0.578997096875 0.697855684375 0.582904678125 0.6859614015625 0.585151459375 0.67758835 0.588338665625 0.6653127328124999 0.588449825 0.652995915625 0.585681828125 0.648749465625 0.58308756875 0.629438878125 0.581841365625 0.6276782640625 0.581371153125 0.6234093421875 0.577206446875 0.6100458953125 0.5748368515625 0.602349375 0.57627525625 0.5957219578124999 0.5788857078125 0.5726249046875 0.5826774375 0.558667321875 0.5878149515625 0.5328191999999999 0.5954609890625 0.5258628812499999 0.59960019375 0.519919484375 0.6009853281249999 0.5136546765625 0.604422696875 0.5095130921875 0.60915719375 0.5089489171875 0.6187582359375 0.5104742609375 0.627300734375 0.518877953125 0.6507694468749999 0.5222238359375 0.66397001875 0.525102240625 0.669014915625 0.5284181593749999 0.6801215546875 0.5305601109375 0.682727390625 0.5460842359375 0.689011528125 0.5545321921874999 0.6910591484374999 0.5844139625 0.695650103125 0.614239553125 0.6963149375000001 0.63350894375 0.6946819875 0.65831043125 0.6874343484375001 0.6743313171875001 0.679406103125 0.6833659187500001 0.6734231328125 0.694800215625 0.66354415625 0.7037524234375 0.6518028765625 0.707867790625 0.6452361875 0.711250446875 0.6364921812500001 0.7145132578125 0.6193724546875
2 0.515879740625 0.3676904296875 0.5193260671875 0.3633960265625 0.5238489859375 0.36079715156250003 0.52765043125 0.356806184375 0.5356945796875 0.35514773125 0.5398773609374999 0.35329238749999997 0.533518921875 0.35018622499999996 0.525766221875 0.347698509375 0.5078349140625 0.3447868921875 0.4906400609375 0.34431433437500003 0.4797849203125 0.34563923281250003 0.47520582187500005 0.34431198749999997 0.471363178125 0.3454238015625 0.4618910625 0.345345028125 0.4584260109375 0.348330725 0.4503781171875 0.3497274359375 0.442348946875 0.352432853125 0.42806620781250004 0.3593608625 0.4047825703125 0.37462751562499996 0.3989253140625 0.3820326984375 0.39722836875 0.386012090625 0.39236905625 0.389616234375 0.3927803546875 0.3938457890625 0.40496301875 0.41175308906249997 0.4181099203125 0.423503678125 0.4223601140625 0.42635967656249996 0.43078185468749997 0.426575109375 0.43811951093749996 0.4245715296875 0.451351875 0.417780178125 0.45551593125 0.41461612812500004 0.4659897359375 0.411155603125 0.472587190625 0.4064512234375 0.4771288359375 0.40516105625 0.4878978375 0.39781610624999997 0.49278336562499997 0.3960441484375 0.505978278125 0.386635384375 0.5052043703125 0.3815789125 0.510310190625 0.3706877046875 0.515879740625 0.3676904296875
2 0.5918670828125 0.4075401125 0.5828100109375 0.4119526359375 0.5814644375 0.41597372187500004 0.58714634375 0.4208286859375 0.5896621421875 0.42504666406249997 0.597803665625 0.43019348593749995 0.6052611703124999 0.436565628125 0.607769475 0.4402601234375 0.61166080625 0.44255094531249994 0.6152194890625 0.4461087828125 0.6258056515625 0.450500496875 0.6303547875 0.4497338125 0.63099011875 0.4451058578125 0.6298273875 0.4373902765625 0.625801228125 0.4256767671875 0.6174836781249999 0.4082281015625 0.6149940984375 0.4058423125 0.6128221859375 0.40114254687499995 0.60248253125 0.38946376875 0.585085434375 0.37485718125 0.5755196890625001 0.3682348765625 0.5624439453125001 0.361457371875 0.5561079796875 0.35992165625 0.5501907984375001 0.36313897812499996 0.543197025 0.3646607703125 0.531373903125 0.3718806359375 0.52541178125 0.3719570640625 0.5254791953125 0.37666840625 0.531097434375 0.37707376875 0.541930103125 0.37417842343749996 0.5461840437500001 0.3772961640625 0.54872605625 0.38334633125 0.548090721875 0.387974284375 0.55311856875 0.3961485 0.5591443593750001 0.4005216765625 0.5630169640625 0.4015037921875 0.5668596078125 0.40039197812499994 0.5794866 0.4003225140625 0.583673125 0.39872891093749996 0.5889324984375001 0.39856909687500003 0.5920574125 0.39632692812500003 0.59953364375 0.404007778125 0.604826725 0.4062036359375 0.60484545 0.40751234218750004 0.6013429453125 0.4078806265625 0.5964162203125001 0.406773428125 0.5918670828125 0.4075401125
2 0.5280205312499999 0.358156584375 0.5328985703125 0.3558611453125 0.538845709375 0.3547377546875 0.5398773609374999 0.35329238749999997 0.5373990171874999 0.35169182499999996 0.5278819593749999 0.34847215625 0.509591784375 0.3449953625 0.487122575 0.343635653125 0.4797774296875 0.34511575156249996 0.474850703125 0.344008553125 0.471363178125 0.3454238015625 0.45835859687499997 0.3436193828125 0.458422265625 0.3480689859375 0.450374371875 0.3494656953125 0.44059956875 0.3527478671875 0.42840634531250005 0.3586173328125 0.40374342968750004 0.37554940000000003 0.3972096421875 0.38470338437499996 0.39341194375 0.38895609375 0.3916625640625 0.38927110625 0.39207386093749996 0.39350066093749997 0.3945934015625 0.3979803796875 0.4063909859375 0.41349031406250003 0.4181174109375 0.424027159375 0.4223601140625 0.42635967656249996 0.4269279765625 0.4269016984375 0.43498336093749995 0.42602847187500004 0.44961373125000004 0.4188804140625 0.45551593125 0.41461612812500004 0.46495059375 0.41207748750000006 0.4993883140625 0.39186325 0.5066735359375001 0.386195290625 0.5069088078124999 0.37812300468750004 0.5106615640625 0.3707294 0.5155470921875 0.368957440625 0.5165675078125 0.3667268515625 0.5280205312499999 0.358156584375
2 0.42065703125000004 0.4789395640625 0.412283303125 0.4575647796875 0.4040181859375 0.44378049375 0.3958242265625 0.43496929375000004 0.389372159375 0.4253195953125 0.3854808265625 0.42302877343749995 0.3840940578125 0.42417070468749996 0.3838924921875 0.4345986625 0.38575422812500004 0.4421358890625 0.39230741875 0.45885260156249996 0.4048377125 0.4765398515625 0.4126690625 0.4845241359375 0.41937887500000004 0.48767199375 0.42065703125000004 0.4789395640625
2 0.48752737812499997 0.519013909375 0.4846789328125 0.5160629453125 0.48537044687500003 0.515361109375 0.490297171875 0.51646830625 0.4933921234375 0.512132209375 0.4989804015625 0.5104436421874999 0.50768235625 0.5057276828124999 0.523445496875 0.504201275 0.531104565625 0.5001454562500001 0.54126819375 0.49952239374999996 0.5511029203125 0.500428084375 0.5563510593750001 0.499483046875 0.554474340625 0.49089885468750005 0.5509306390625001 0.488387984375 0.5424751921875 0.48581688125 0.5424040328124999 0.4808437953125 0.5476634078125 0.48068398125 0.5557525 0.48216642656250003 0.5585972 0.48485564999999997 0.57237194375 0.4914548015625 0.5769847484375 0.49513771875 0.581567590625 0.4967267046875 0.584416034375 0.4996776703125 0.5925276 0.5027305625 0.6051770609375 0.5042315453125 0.6076216984375 0.5034764390625 0.6141929375 0.49693986875 0.6251784859375 0.480213925 0.629555340625 0.46740714062500005 0.6287814328125 0.4623506671875 0.6311886171875 0.458978146875 0.6297231984375 0.454623509375 0.63075485 0.45317814375000004 0.63100135625 0.44589108125 0.6287320671875001 0.434386040625 0.62541989375 0.4235411421875 0.6199957296874999 0.4121843375 0.607461690625 0.394235346875 0.5914588546874999 0.379010309375 0.5698565062500001 0.3646886171875 0.558915225 0.35999346718749997 0.5543473624999999 0.3594514453125 0.5296095421875 0.371148684375 0.5253855640625 0.370124875 0.5222531609375001 0.3718435578125 0.522320575 0.3765549015625 0.5202422921875 0.37839866875 0.519924625 0.380712646875 0.5213563390625 0.3827116109375 0.5244700156250001 0.37968422031250004 0.5304283921875 0.3793460546875 0.537403440625 0.3765155546875 0.5398705484375 0.37733089531249997 0.5462664390625 0.383054471875 0.5478517046875 0.39578483124999997 0.5489282984375 0.397480359375 0.5542288703125 0.4001997015625 0.5588566562499999 0.40492958437500004 0.5644636578125 0.40454972343750006 0.5683362625 0.40553183906249995 0.567297121875 0.406453721875 0.575296328125 0.401654375 0.5879345546875 0.402370134375 0.5921098453125 0.399991309375 0.59493581875 0.40137182656250003 0.5949919984375 0.4052979453125 0.590098978125 0.40654641874999997 0.5880281859375 0.4089136671875 0.5845219375 0.4090202109375 0.579651390625 0.41183913125 0.577965678125 0.416603746875 0.5741492515625 0.4195477515625 0.5653761390625001 0.41929062500000003 0.5594289984375 0.420414015625 0.5580422281249999 0.42155594687500003 0.5652120265625 0.432335996875 0.571925584375 0.43574559375 0.5733872578125 0.43983848906249995 0.5621470375000001 0.43876602499999995 0.5582332359375 0.4349047546875 0.554356884375 0.43366089375000005 0.5515121859375001 0.43097167187499996 0.5441071156249999 0.4282639078125 0.5405559234374999 0.42522955625 0.532100478125 0.42265845312500006 0.53032488125 0.421141275 0.52575701875 0.4205992546875 0.5176342203125001 0.4167611390625 0.513021415625 0.4130782203125 0.511570978125 0.4097705484375 0.5090888875 0.40790824218750005 0.5024389984375001 0.4089482453125 0.49652556406250004 0.41242730781250003 0.493023059375 0.41279559375 0.4867507609375 0.41570947968749994 0.48051217187499995 0.4209790390625 0.47457252031249997 0.42262591250000003 0.458211496875 0.43139768749999996 0.4443138359375 0.44072306406250006 0.44021345156249997 0.4483367171875 0.43994821718750005 0.4543150734375 0.44220627031250004 0.46503488906249996 0.4483631453125 0.47856901093750004 0.4513464171875 0.4909426640625 0.45457994062499996 0.4962909953125 0.45862108125 0.50905146875 0.465757171875 0.517475846875 0.4694282109375 0.5288859218749999 0.47120380781250004 0.5304030984375 0.4705609828125 0.5345075734375 0.4741421359375 0.53963585625 0.47829121093750004 0.5354248390625 0.47542029374999994 0.530903428125 0.4785302265625 0.52761429375 0.4770610640625 0.5229979171875 0.4823316734375 0.523623328125 0.48191288437499996 0.5188702890625 0.4836959703125 0.5209109484375001 0.487205965625 0.5210661453125 0.48752737812499997 0.519013909375
2 0.384240121875 0.434378615625 0.3933690328125 0.459501165625 0.396931459375 0.46332074375000004 0.402314425 0.47179839218749997 0.4072860953125 0.4760464875 0.40872529843749994 0.478568934375 0.4182985375 0.4857147234375 0.4193751296875 0.4874102515625 0.4186536546875 0.48601815625 0.4197002859375 0.48561975625000003 0.4168743140625 0.4842392390625 0.4196778140625 0.4840493078125 0.41965534218749995 0.48247886093750003 0.4171395484375 0.47826088437500003 0.41521039687499994 0.4660123140625 0.408373246875 0.45396525 0.40581999843750005 0.4471298609375 0.40115850468750003 0.4400443046875 0.392269290625 0.4316732 0.38938339375000003 0.42610481875 0.3841252671875 0.42635179531249995 0.384240121875 0.434378615625