2 0.423237865625 0.36138255468749997 0.4254323125 0.36130973125 0.44619879687499997 0.3445093359375 0.440675978125 0.34443275624999997 0.43603020312499996 0.34276791875 0.427045690625 0.34419213125 0.3982279765625 0.3508653625 0.35117458749999997 0.3636874140625 0.3267959296875 0.37315839687499996 0.303224609375 0.3883194828125 0.30217754375 0.391299296875 0.2981556203125 0.3940313546875 0.3064233421875 0.397914721875 0.321911721875 0.40866127499999993 0.3277146515625 0.40812222187499997 0.3386269609375 0.409925578125 0.344640303125 0.41604925000000004 0.349322775 0.41797272812499997 0.355345890625 0.4189855203125 0.357747059375 0.41777977968749996 0.3727314515625 0.41979447968750006 0.3764463375 0.41230853281249996 0.38039486875 0.40905919375 0.382488996875 0.4030995671875 0.387277875 0.3980033265625 0.3895921859375 0.39359554375 0.3929804875 0.3915774703125 0.41612121718750006 0.36820181406249997 0.41914254531250006 0.36359733125 0.423237865625 0.36138255468749997
2 0.4331862734375 0.3615721265625 0.418439215625 0.3715896734375 0.416441715625 0.3756404640625 0.4097519703125 0.3828786546875 0.40963210625 0.3872136109375 0.41351093125 0.3912426296875 0.41484180000000004 0.3954428234375 0.41675613437500003 0.3959856328125 0.42272908906250006 0.3940550234375 0.42546053281249996 0.3951770515625 0.42771491250000004 0.39293675 0.4339312859375 0.3901318640625 0.441511534375 0.3839901765625 0.46000713437499996 0.373198584375 0.46576663749999997 0.37105851093750003 0.472323059375 0.3654705171875 0.4767718859375 0.3631573875 0.48480227343750004 0.35500851093749997 0.484885440625 0.3504149140625 0.4614131453125 0.342965 0.4481902125 0.3533650671875 0.44158363281249996 0.356009659375 0.43943934531249995 0.359025884375 0.4331862734375 0.3615721265625
2 0.53059599375 0.4369034703125 0.5327365937499999 0.426091603125 0.5326056609375 0.40703964062500003 0.5269519109374999 0.387911096875 0.519107403125 0.37665101875 0.5154854578125 0.3744324875 0.5121570875 0.374283084375 0.50402638125 0.376545159375 0.4971396875 0.3798053828125 0.48831542499999997 0.384948921875 0.4861344390625 0.3877065046875 0.48129540468750004 0.38985934218749996 0.477383571875 0.393367325 0.469473046875 0.39718124375 0.4647575671875 0.40279476562500005 0.456700253125 0.40557412187499997 0.442329940625 0.413067196875 0.43398274218750005 0.4215730671875 0.430988334375 0.43154707343750004 0.42724652343749997 0.43366349687500005 0.4231279703125 0.43830439375 0.41440033749999994 0.4415390921875 0.41001144062500006 0.4416847421875 0.40595281875 0.444158159375 0.39345645 0.4441397625 0.3733333640625 0.45511529531250006 0.3636051359375 0.45647756875 0.356801609375 0.45514419687499996 0.3529594796875 0.45137382031250006 0.35371296874999997 0.446324878125 0.3582681984375 0.43699203437499995 0.35660705625 0.4304640703125 0.351511140625 0.430806421875 0.33859764375 0.4252582171875 0.3199876140625 0.413229346875 0.31692589843749996 0.40977954843750003 0.306964025 0.406905215625 0.2920493375 0.397612159375 0.28315168125 0.402238415625 0.27590170625 0.41070787031249995 0.2612219578125 0.43414922031250003 0.2550594328125 0.44769314531250004 0.2499611265625 0.4687376578125 0.2490376140625 0.475178153125 0.2517898984375 0.49457622187499994 0.258063809375 0.510306021875 0.2685431296875 0.5245969671874999 0.28436178437500004 0.5376712859375 0.2961413609375 0.5429972640625 0.31528469375 0.548425346875 0.336462225 0.550061284375 0.375425296875 0.5475555875 0.3823853828125 0.54481264375 0.3943080609375 0.5433775453125 0.4098991515625 0.539308740625 0.43658235 0.530540853125 0.46055733749999994 0.5182248203125 0.48507909531250004 0.501992759375 0.5044547765625 0.4831596484375 0.5229729640625 0.45569303593750005 0.5243600749999999 0.4499301125 0.527978334375 0.444353003125 0.53059599375 0.4369034703125
2 0.739332425 0.291991384375 0.741349471875 0.277718834375 0.7391843421875001 0.26245901875 0.735925678125 0.25503125781249997 0.7247393390625 0.240937015625 0.7153976281250001 0.2346639390625 0.69702124375 0.22687167343749998 0.690474596875 0.22734878906249997 0.67665105 0.23092583906250003 0.652585515625 0.23224419218749998 0.6475128359375 0.2301604234375 0.6362800265625 0.22091841875 0.6303303046875001 0.220422909375 0.6284392078125001 0.2174539796875 0.622939625 0.21495128125 0.6107099093749999 0.2116324921875 0.59864044375 0.21203302812499997 0.5690790171875 0.2186443203125 0.5449205421875 0.22966715 0.5423126546875 0.23200580468749998 0.541485771875 0.2365374625 0.5418564328125 0.24691951250000002 0.556317490625 0.32812187812500004 0.5599798234375 0.33839469218749996 0.5651161234375001 0.346106621875 0.568034740625 0.356317496875 0.5735245515625 0.363931071875 0.5808785328125 0.369144059375 0.5914740296875001 0.37130440781249996 0.5955828125 0.371774390625 0.6003117546875 0.36884563125000003 0.604604021875 0.37060882031250003 0.6243540546874999 0.36995339843749997 0.6325116859375 0.3730608453125 0.6492636218750001 0.3745837890625 0.66976714375 0.3688794265625 0.6893899343750001 0.35696768125 0.703843415625 0.34488100781250003 0.7244361859375 0.32167652812499997 0.73419373125 0.3049816140625 0.739332425 0.291991384375
2 0.50691678125 0.35288871093749996 0.510708746875 0.3537156859375 0.519473078125 0.3507396265625 0.5231781921875001 0.3483645609375 0.5250484484375 0.3330574484375 0.5131525 0.26216430625 0.5108479609375001 0.261461209375 0.500383396875 0.2783528234375 0.49380743281250006 0.294162578125 0.49078979062499994 0.306562703125 0.4897231796875 0.3197642765625 0.490874253125 0.330466903125 0.497814796875 0.3379457203125 0.501807403125 0.3505463015625 0.5076837296875001 0.35052452968750003 0.50691678125 0.35288871093749996
2 0.5006936171875 0.5731955953125001 0.49739825625 0.5655091921875 0.4919451453125 0.5581542515625 0.488616775 0.5580048484375 0.486252303125 0.5594692296875 0.4850951484375 0.5616731203125 0.4860725078125 0.565971665625 0.48480526093750004 0.5673996328124999 0.48030627187499997 0.5667693578125 0.4776983828125 0.5691080140625 0.463668115625 0.573817978125 0.45367323437499996 0.5784806453125 0.44571863437500003 0.5664446453124999 0.44977725625 0.563971228125 0.4503974171875 0.560572484375 0.45371232499999997 0.5580371265624999 0.44992035625 0.55721015 0.4514407953125 0.5497970296875 0.459865078125 0.5496040828125001 0.46215615468750004 0.547622421875 0.4601182671875 0.5436189296875 0.46168886562499994 0.5391492078125 0.44884876093750004 0.5341182828125 0.4268675828125 0.5345878890625 0.41516508906249994 0.5375748328125 0.41142327968750003 0.5396912578124999 0.376035684375 0.549267725 0.3659539484375 0.55072835 0.362175440625 0.5525861328125 0.3568960421875 0.5516352796875 0.3515567109375 0.5528519046875 0.34090128124999997 0.5528590359375001 0.31085301875 0.5612188765624999 0.28887552968749997 0.5694841203125 0.2735547796875 0.5780481734375 0.257797353125 0.5913041765625 0.24192006250000003 0.6088951359375 0.22903109531250002 0.6294186078124999 0.22274870624999998 0.647297490625 0.21942771562500002 0.6627393671874999 0.22252004687500002 0.6793543265624999 0.23072544375 0.7061073312499999 0.2505929453125 0.7218191140625 0.2689093984375 0.7317788578125 0.2861750953125 0.7369227734375 0.300379075 0.7386168921875 0.3690503625 0.7305344703125 0.393015578125 0.7233293140625 0.419648615625 0.711618028125 0.4310807671875 0.7041358359375 0.43899129062500003 0.7003219171875 0.4580269265625 0.684271915625 0.48147100624999994 0.657854509375 0.4886708203125 0.6464416515625 0.49069155468750003 0.6399647421875 0.496600890625 0.632405971875 0.4983048140625 0.6262860546875 0.5021664859375 0.6198346734375 0.50511681875 0.594010746875 0.5006936171875 0.5731955953125001
2 0.7549299953124999 0.4304115796875 0.7505178640625 0.43298334687500006 0.7393389046875 0.43448038437500003 0.7193491421875 0.44380571875 0.7104013265625 0.4454885734375 0.701476746875 0.4447453078125 0.6928420531249999 0.43827553124999996 0.685607934375 0.42872758749999995 0.6779506015625001 0.42655635312499995 0.6758527828124999 0.42472034062499997 0.6780203046875 0.41927799375 0.675385490625 0.41624712812500003 0.67582216875 0.4115551796875 0.67163999375 0.4105679140625 0.663652384375 0.4060689125 0.6417176765625 0.40168627656250006 0.6341936703125 0.3978648484375 0.620660009375 0.3957153859375 0.602994334375 0.3955220578125 0.5989087875 0.39262595624999996 0.5923988375 0.3933617125 0.5780150609375 0.3981700265625 0.5738231125000001 0.4022936421875 0.5663394921875 0.40652649218750003 0.56156776875 0.4221031328125 0.5568646515625 0.47960137343750003 0.557714965625 0.5503413562499999 0.559393259375 0.56734971875 0.5622849546875 0.5721910718750001 0.578269940625 0.5760781953125 0.6144184015625 0.57704406875 0.650296521875 0.5735146953125 0.659597846875 0.571733490625 0.68408659375 0.5630384281249999 0.7115966734375 0.5497388859375001 0.7283546953125 0.538355309375 0.7460863843750001 0.5234746343750001 0.7587588609375 0.50919495625 0.769857046875 0.49158935625 0.7759828734374999 0.4777867921875 0.778867190625 0.4670368640625 0.780520953125 0.457973546875 0.77996680625 0.44629829218749995 0.7815007078125 0.44156992968750003 0.7725185875 0.422291984375 0.7675792343750001 0.41855801875000004 0.7549299953124999 0.4304115796875
2 0.7361370734375 0.6501827859375 0.7343328312499999 0.6504159015625001 0.7306374921875001 0.6476800859375 0.7260418750000001 0.64895865 0.7217031375 0.6520477 0.7187552015625001 0.6571694671875 0.7144763968750001 0.6580910375 0.7128556406250001 0.6596173578125 0.7194756812499999 0.6596575234375 0.7249385671875 0.6619015828125 0.7177619859375 0.6708883218749999 0.7196433109375 0.678968128125 0.7217411296875 0.6808041421875 0.71801278125 0.6856053281250001 0.70403875625 0.680352175 0.6966383015625001 0.679991428125 0.6876537890625001 0.681415640625 0.6755341671874999 0.6788727734375 0.66944743125 0.6722318203125 0.669774015625 0.66676395 0.6656016124999999 0.6606658046875 0.650943803125 0.6531832328125 0.6284953375 0.6451796265625 0.626287425 0.6425676890625 0.621678346875 0.6411614921875 0.6143610609375 0.6362071484375 0.6049728796875 0.6347863109375 0.581147071875 0.6274347484375 0.566979790625 0.6259992703124999 0.558995871875 0.6292959078125 0.5555244046875 0.63590758125 0.5479295921875 0.6885644703125 0.5437927890625 0.7319249265625001 0.5440301234375 0.743957171875 0.5446711265624999 0.7588344671875 0.5489903171875 0.765967178125 0.58786045 0.773165959375 0.6059163296875 0.7735195765625 0.6304687 0.7704526765625 0.6489245625 0.765855703125 0.6805801171875 0.7532847828125 0.692159059375 0.7468371546875 0.7081733640625 0.735391640625 0.72357728125 0.722233990625 0.7366399625 0.7081145984375 0.745777346875 0.6948184296875 0.752986934375 0.6782946921875 0.7581219390625 0.657508821875 0.7587518734375001 0.6489991984375 0.7544889265625 0.63190336875 0.7501734234375 0.6325662999999999 0.7446677578124999 0.642970121875 0.738318059375 0.6474252015624999 0.7361370734375 0.6501827859375
2 0.6811718640625 0.6383209578125 0.6877784421875 0.6356763640625 0.69041325625 0.6387072296875 0.6938517171874999 0.6396325578125001 0.6912572890625001 0.6446559703125 0.7011188421875 0.6416435015624999 0.7000313921875 0.636569034375 0.7012350171875 0.6295129046875 0.710719828125 0.6290249015625 0.71567264375 0.635443628125 0.7162328718750001 0.6342123625 0.7228896109375 0.6345111718750001 0.72481740625 0.6377387390625 0.731704103125 0.6344785140625 0.7329945828125 0.6306244249999999 0.7486957656250001 0.62733154375 0.75070673125 0.6259655125 0.7504596218749999 0.6190441484375 0.747421140625 0.61316823125 0.7418212390625001 0.604778728125 0.7319657687500001 0.5948846796875 0.713429134375 0.5833730921875 0.699064903125 0.5779596484375 0.6727046031249999 0.5734640203125 0.6517105578125 0.5731212921875 0.6324375859375 0.5771390453125 0.6294627265625 0.5768912890625 0.6245869953125001 0.5787854875 0.614285075 0.578694265625 0.6082252625 0.577422834375 0.59994776875 0.5786503421875 0.5947050671875 0.5779581312500001 0.5843799125 0.5802930296875 0.5649870765625 0.588645740625 0.5651240921875 0.594791184375 0.576273734375 0.608626784375 0.5811996265625 0.6096759890625 0.5992225015625 0.61756660625 0.6177554453125 0.621282553125 0.6214507859375 0.6240183671875 0.6321429109375 0.624269878125 0.6325098828125 0.6268562859375 0.6340707078125 0.6274974453125 0.6399837296875 0.6277343156249999 0.6506990921875 0.62555970625 0.6524568640624999 0.6301788296875 0.6545179859375 0.6317562031249999 0.6589435781249999 0.6318691953125 0.6630022 0.6293957781249999 0.66664738125 0.6291881890625 0.668795359375 0.6339676046875 0.6723439124999999 0.635668853125 0.677086315625 0.635424853125 0.6811718640625 0.6383209578125
2 0.48914678437500003 0.6990039453125 0.49187214375000005 0.71303249375 0.49674179062499996 0.724044815625 0.5059771015625001 0.7373376078125 0.514038103125 0.74235389375 0.518886909375 0.7350901765625 0.523141184375 0.7080969234375 0.5251141546875 0.677974453125 0.52754833125 0.6692317140624999 0.5298014156249999 0.6384936109375 0.529283965625 0.627076996875 0.5279628703125 0.6177659234374999 0.5266821609375001 0.6165091312500001 0.522440053125 0.6176893437500001 0.5196756031249999 0.6241043140625 0.5141063156250001 0.628879975 0.5009372328125 0.6500190828125 0.4943612671875 0.665828834375 0.4911968375 0.6771943953124999 0.48920302656250003 0.689040825 0.48914678437500003 0.6990039453125
2 0.48371231718749996 0.808324965625 0.48021392343749997 0.8095671187500001 0.466019715625 0.8027621203124999 0.4692245328125 0.7994508406249999 0.46960127500000004 0.7969263718749999 0.48501865468750005 0.7864534796875 0.4831740265625 0.7786323140625 0.46916938750000003 0.7602140000000001 0.450229084375 0.7458573609375 0.4380593015625 0.7403710921875 0.422391125 0.7361269765625 0.391912271875 0.736272246875 0.37638111093750004 0.738173575 0.3468930765625 0.7453021484375 0.33182551875 0.747881046875 0.3007668859375 0.75947934375 0.2832516890625 0.7681162203125 0.26543314218749997 0.77979485 0.24030468749999997 0.8021104156250001 0.2256347109375 0.8204408843750001 0.2116020484375 0.845853009375 0.2069771140625 0.8624642124999999 0.205270796875 0.8892862906250001 0.20671544531250002 0.9020580484374999 0.21059796249999999 0.9138827046875001 0.21916295 0.9276308421874999 0.2335675671875 0.941098565625 0.2482987703125 0.9490984171875001 0.2668818734375 0.9557577687500001 0.29302199375 0.9587015484375 0.31411266875 0.9571354421875 0.3526953046875 0.9493585765624999 0.364958028125 0.9451403671874999 0.389506709375 0.9342778265625 0.421902290625 0.9139732046875 0.43720957812499994 0.9027243921875 0.45222328906250003 0.8894064515625001 0.471402025 0.866595375 0.48287695625 0.8464653046875 0.4904962984375 0.8198800984375 0.4907457984375 0.8060993046875 0.4880143546875 0.8049772765625001 0.48371231718749996 0.808324965625