4 0.3948412703125 0.6641744546874999 0.5297619046875 0.6641744546874999 0.5297619046875 0.5844236765625 0.3948412703125 0.5844236765625 0.3948412703125 0.6641744546874999
3 0.4166666671875 0.9333333328125001 0.6706349203124999 0.9333333328125001 0.6706349203124999 0.7962616828125 0.4166666671875 0.7962616828125 0.4166666671875 0.9333333328125001
3 0.12103174531250001 0.667912771875 0.2698412703125 0.667912771875 0.2698412703125 0.578193146875 0.12103174531250001 0.578193146875 0.12103174531250001 0.667912771875
3 0.30357142812500004 0.575700934375 0.446428571875 0.575700934375 0.446428571875 0.508411215625 0.30357142812500004 0.508411215625 0.30357142812500004 0.575700934375
3 0.5119047625 0.9943925234375 0.577380953125 0.9943925234375 0.577380953125 0.9520249218749999 0.5119047625 0.9520249218749999 0.5119047625 0.9943925234375
3 0.478174603125 0.25919003125 0.700396825 0.25919003125 0.700396825 0.0922118375 0.478174603125 0.0922118375 0.478174603125 0.25919003125
3 0.09920634843750001 0.2766355140625 0.2380952375 0.2766355140625 0.2380952375 0.1819314640625 0.09920634843750001 0.1819314640625 0.09920634843750001 0.2766355140625
4 0.071428571875 0.42492211874999997 0.1507936515625 0.42492211874999997 0.1507936515625 0.3451713390625 0.071428571875 0.3451713390625 0.071428571875 0.42492211874999997
4 0.859126984375 0.3601246109375 0.9305555562500001 0.3601246109375 0.9305555562500001 0.27289719687499997 0.859126984375 0.27289719687499997 0.859126984375 0.3601246109375
3 0.5416666671875 0.39501557656249997 0.6646825390625 0.39501557656249997 0.6646825390625 0.296573209375 0.5416666671875 0.296573209375 0.5416666671875 0.39501557656249997
3 0.702380953125 0.362616821875 0.815476190625 0.362616821875 0.815476190625 0.2741433015625 0.702380953125 0.2741433015625 0.702380953125 0.362616821875
3 0.783730159375 0.2168224296875 0.8551587296875001 0.2168224296875 0.8551587296875001 0.1570093453125 0.783730159375 0.1570093453125 0.783730159375 0.2168224296875
4 0.8194444437499999 0.5819314640625 0.8769841265625 0.5819314640625 0.8769841265625 0.5333333328125 0.8194444437499999 0.5333333328125 0.8194444437499999 0.5819314640625