4 0.48023680156250004 0.47234301093750003 0.5285475859375001 0.472828103125 0.5396761078125001 0.4481020203125 0.51229605 0.42962606406250003 0.47881508593750005 0.43508594843750004 0.45826363125 0.4552215265625 0.48023680156250004 0.47234301093750003
3 0.4185517015625 0.4351849375 0.37366705625 0.4394651484375 0.35894321875 0.45846655468749997 0.3822740015625 0.483265034375 0.418761528125 0.48506832031249997 0.44324014062500006 0.46766068125000004 0.4430544890625 0.4471315640625 0.4185517015625 0.4351849375
3 0.4471515421875 0.49951708437500003 0.38994146875 0.5022758328125 0.3640662359375 0.5263946796875 0.37303639843749997 0.5479014203125 0.42050687656249996 0.553373028125 0.46525339218750006 0.5337056890625 0.4635486015625 0.514324453125 0.4471515421875 0.49951708437500003
3 0.6716049859375001 0.45394260624999994 0.609580453125 0.45869420156249996 0.5947750468749999 0.4869726296875 0.61168898125 0.514443828125 0.6517325609375 0.5266148078125 0.6740132546875001 0.5065166890625 0.6841230328125001 0.47603257499999996 0.6716049859375001 0.45394260624999994
3 0.12913228593749998 0.3568753140625 0.11069056875000001 0.32076758125 0.051890482812500006 0.29992362968749997 0.0111453515625 0.300924478125 0.0134530203125 0.3632315296875 0.0149498625 0.36373435 0.0776294828125 0.37729592031250003 0.12913228593749998 0.3568753140625
3 0.163793196875 0.3970463546875 0.197921278125 0.4049840359375 0.2311844453125 0.3885542890625 0.225753859375 0.3578455 0.15416040312499998 0.3523132828125 0.1318475546875 0.372229575 0.163793196875 0.3970463546875
3 0.1356204 0.30591147812499997 0.1544516828125 0.33448110781249996 0.1997315078125 0.347047075 0.22269098281250002 0.33078731875 0.191763609375 0.31172862343749996 0.1356204 0.30591147812499997
4 0.019813459375000002 0.5349634046875 0.020310040625 0.5377714671875 0.029956296875 0.5362451734375 0.065239475 0.5117615796874999 0.0186471421875 0.503472859375 0.019813459375000002 0.5349634046875
4 0.362114115625 0.038128259375 0.3298692140625 0.0603160890625 0.3667203046875 0.09339282343750001 0.4182153640625 0.06318742499999999 0.505017775 0.0378527 0.51448089375 0.015243878124999999 0.46503659375 0.013778862499999999 0.3367343296875 0.028083479687500003 0.362114115625 0.038128259375
4 0.500799325 0.04321585 0.49456855781250003 0.0664173640625 0.544221046875 0.055010193750000005 0.5360989359375 0.03830173125 0.500799325 0.04321585
4 0.4247615578125 0.07098715156249999 0.40607683906250003 0.0919404328125 0.4165661390625 0.11229929062499999 0.44527141875 0.0993132421875 0.4247615578125 0.07098715156249999
3 0.1545064625 0.178962009375 0.121367475 0.1960967328125 0.1507839765625 0.22608831875000002 0.212922075 0.19763184375 0.221852153125 0.1702150609375 0.1545064625 0.178962009375