4 0.47107930781249996 0.4922879171875 0.6037567078125 0.4922879171875 0.6037567078125 0.327763496875 0.47107930781249996 0.327763496875 0.47107930781249996 0.4922879171875
4 0.6559332140625 0.5565552703125001 0.8676207515625001 0.5565552703125001 0.8676207515625001 0.29562982031249996 0.6559332140625 0.29562982031249996 0.6559332140625 0.5565552703125001
4 0.7170542640625001 0.7197943437500001 0.8497316640625 0.7197943437500001 0.8497316640625 0.6285347046875 0.7170542640625001 0.6285347046875 0.7170542640625001 0.7197943437500001
4 0.50387596875 0.647814909375 0.6350626125 0.647814909375 0.6350626125 0.50257069375 0.50387596875 0.50257069375 0.50387596875 0.647814909375
4 0.1565295171875 0.5925449875 0.2265951109375 0.5925449875 0.2265951109375 0.5437018 0.1565295171875 0.5437018 0.1565295171875 0.5925449875
4 0.4666070359375 0.7467866328125 0.5232558140625 0.7467866328125 0.5232558140625 0.7069408734375 0.4666070359375 0.7069408734375 0.4666070359375 0.7467866328125
4 0.4830053671875 0.9254498718749999 0.5530709593750001 0.9254498718749999 0.5530709593750001 0.862467865625 0.4830053671875 0.862467865625 0.4830053671875 0.9254498718749999
4 0.3861061421875 0.8251928015625 0.43082886093750006 0.8251928015625 0.43082886093750006 0.781491003125 0.3861061421875 0.781491003125 0.3861061421875 0.8251928015625
4 0.16696481875 0.20308483281249998 0.2549194984375 0.20308483281249998 0.2549194984375 0.10925449843749999 0.16696481875 0.10925449843749999 0.16696481875 0.20308483281249998
4 0.1132975546875 0.1272493578125 0.20572450781249998 0.1272493578125 0.20572450781249998 0.05141388125 0.1132975546875 0.05141388125 0.1132975546875 0.1272493578125
4 0.155038759375 0.8547557843750001 0.20274299375 0.8547557843750001 0.20274299375 0.8123393312499999 0.155038759375 0.8123393312499999 0.155038759375 0.8547557843750001
4 0.304114490625 0.55141388125 0.35480023906249997 0.55141388125 0.35480023906249997 0.5154241640625 0.304114490625 0.5154241640625 0.304114490625 0.55141388125