4 0.6525754890625 0.524815 0.7235075484375 0.5144385 0.7142864125 0.49009325 0.697972025 0.45616975000000004 0.6795293078125 0.43062725 0.6383889875000001 0.40907574999999996 0.6383889875000001 0.40993050000000003 0.5986669625000001 0.421448 0.5738405859375 0.44699049999999996 0.582352575 0.48011575000000006 0.6128534640625001 0.49767625000000004 0.6085972468749999 0.52162225 0.6525754890625 0.524815
4 0.7767064828125 0.47891849999999997 0.7965674953125 0.47931749999999995 0.7986953812500001 0.4988735 0.8100444046874999 0.5072544999999999 0.8093352578124999 0.5264115 0.8554409406250001 0.524416 0.8689182953125 0.4944835 0.8823952046875 0.47373025 0.8653716703125 0.45736699999999997 0.8426731796875 0.43461825000000004 0.81855639375 0.425838 0.80082326875 0.41386500000000004 0.7859276203125 0.3983 0.7362753109375 0.401544 0.72492584375 0.42224625 0.7341469796875 0.44100374999999997 0.711448934375 0.4593625 0.7171234453124999 0.47971674999999997 0.727763321875 0.48769875 0.7767064828125 0.47891849999999997
4 0.93062921875 0.46934 0.9199893421875001 0.449784 0.8994191828125 0.43821025 0.8838139437500001 0.42823275 0.8526039078125001 0.41985150000000004 0.8373534640625 0.4147225 0.8391265546875 0.42503975 0.8533130546875001 0.4390085 0.875301953125 0.460959 0.8894884546874999 0.47931749999999995 0.9128960921875 0.47931749999999995 0.93062921875 0.46934
4 0.8611158968750001 0.58108825 0.8653716703125 0.560335 0.8334520421875 0.555945 0.8235217578125 0.55609175 0.7894742453125 0.563927 0.77528774375 0.5790927499999999 0.77883436875 0.599447 0.8171376546875001 0.60303875 0.848347690625 0.5970522500000001 0.8611158968750001 0.58108825
4 0.7327286859375 0.5232187500000001 0.6965532859375 0.5232187500000001 0.6461913859374999 0.5323979999999999 0.614272203125 0.524815 0.609661190625 0.5231455 0.614272203125 0.53758625 0.6277491125 0.55315125 0.65115675 0.56512425 0.6830759328125 0.5611332499999999 0.7341469796875 0.54916025 0.7327286859375 0.5232187500000001
4 0.6334236234375 0.674589 0.6064693609375 0.67230175 0.5866083484375 0.6769835 0.592282859375 0.690952 0.6071789515625 0.6961405 0.6334236234375 0.6949430000000001 0.6454822375 0.68536475 0.6334236234375 0.674589
4 0.5341185609375 0.6514409999999999 0.5461771765625001 0.6534365 0.5553983125 0.64385825 0.5504329484375 0.6334815 0.5277349015625 0.63028875 0.5341185609375 0.6514409999999999
4 0.5830617234375 0.595028 0.5873179390625001 0.6135265000000001 0.6064693609375 0.6191139999999999 0.6206558609374999 0.61073275 0.624911634375 0.6055444999999999 0.614272203125 0.59836075 0.5830617234375 0.595028
3 0.4851754 0.698136 0.5064551515625 0.7021270000000001 0.5142575484374999 0.6929475 0.5029085249999999 0.682172 0.48091962656250004 0.68488125 0.4851754 0.698136
3 0.4631865015625 0.71290275 0.4440350796875 0.7224809999999999 0.4475817046875 0.73285775 0.4702797515625 0.73325675 0.4873032859375 0.72288025 0.481628775 0.71489825 0.4631865015625 0.71290275
4 0.341892540625 0.65419775 0.3504045296875 0.6645745 0.3766496453125 0.66577175 0.3908357015625 0.6530005 0.3585617234375 0.645945 0.341892540625 0.65419775
4 0.3801958265625 0.51930175 0.3511136765625 0.51895225 0.34827664375 0.52967825 0.36813765468750004 0.53526575 0.3908357015625 0.53686225 0.406440940625 0.5324720000000001 0.3979289515625 0.5240910000000001 0.3801958265625 0.51930175
4 0.4628317046875 0.49978375 0.46034946718749997 0.5109205 0.47240763750000003 0.52369175 0.48872202500000006 0.5181045 0.4965248671875 0.512118 0.48588499062499996 0.5037367500000001 0.4628317046875 0.49978375
3 0.38232415625 0.962925 0.4177899640625 0.9657185 0.435523090625 0.9457635 0.4213365890625 0.93259325 0.38090541718750004 0.93527225 0.38232415625 0.962925
3 0.26528596875 0.94097425 0.23480639375 0.94097425 0.2199107453125 0.9609295 0.24189964531250002 0.97050775 0.2894240671875 0.967714 0.2965173171875 0.9525482500000001 0.26528596875 0.94097425
3 0.4390910296875 0.96452125 0.45682415625 0.9744987500000001 0.48306882812499996 0.9653195 0.483777975 0.95175 0.459661190625 0.9484507499999999 0.4390910296875 0.96452125
3 0.1787699828125 0.8739255 0.197921846875 0.8823065 0.22629484843749997 0.8747235 0.2227482234375 0.8619524999999999 0.1851540859375 0.8556025 0.1787699828125 0.8739255
4 0.155341475 0.2421405 0.17662078125 0.24852625 0.19151687343749998 0.243737 0.1851327703125 0.23216299999999998 0.1627890765625 0.23142200000000002 0.155341475 0.2421405
4 0.10781660781249999 0.29801475 0.1212939609375 0.3008085 0.1305150984375 0.2928265 0.12767762031250002 0.28005525 0.1212939609375 0.26856125 0.10143294843749999 0.2772615 0.0688041734375 0.27207325 0.04326865 0.27047675 0.0546176734375 0.28644075 0.07376953750000001 0.30519850000000004 0.10781660781249999 0.29801475
4 0.0688041734375 0.31397875000000003 0.0418499109375 0.314777 0.029791296875 0.32235975 0.031210035937500002 0.33632825 0.033337921874999996 0.3403195 0.0248263765625 0.3443105 0.021279751562499997 0.3566825 0.046815275 0.3602745 0.07376953750000001 0.36107275 0.0957584375 0.36705925 0.1007238015625 0.3606735 0.1134915625 0.35388875 0.1134915625 0.343113 0.11703774375 0.33592925 0.12980595 0.32754825 0.13477087031249999 0.32235975 0.148957371875 0.314777 0.1517948484375 0.30639574999999997 0.132642984375 0.30120749999999996 0.11597380156249999 0.3021065 0.09079307343750001 0.30360200000000004 0.09079307343750001 0.31557525000000003 0.089374334375 0.32834625 0.08228108281249999 0.33592925 0.0744786859375 0.32635074999999997 0.0688041734375 0.31397875000000003
4 0.152503996875 0.28085325 0.1638530203125 0.27606425 0.16881838437500002 0.27007775 0.1588881 0.26409125 0.1461203375 0.24653075000000002 0.14044538125 0.235755 0.11278197187500001 0.23741225 0.1007238015625 0.24692975 0.1106540859375 0.259701 0.1248405859375 0.2660865 0.12980595 0.26728399999999997 0.139736234375 0.2772615 0.152503996875 0.28085325
4 0.19151687343749998 0.27885775 0.212087034375 0.28085325 0.219180284375 0.2736695 0.20924955625 0.26888025 0.1943539078125 0.26888025 0.19151687343749998 0.27885775
4 0.059583037500000005 0.25052175 0.0787344578125 0.2573065 0.09150222031250001 0.25092075 0.0886651859375 0.2417415 0.063838809375 0.23681325000000003 0.059583037500000005 0.25052175
4 0.0148956484375 0.27694775 0.000709146875 0.28484425 0.0014187390625 0.29841375000000003 0.017023534375 0.30599675 0.0383032859375 0.2976155 0.0418499109375 0.2856425 0.0148956484375 0.27694775
4 0.3879986671875 0.35149425 0.4014755765625 0.35468700000000003 0.4241740671875 0.342714 0.42275532812499994 0.3331355 0.40076642968750004 0.323158 0.3879986671875 0.310786 0.39225444062500003 0.30240475 0.395801065625 0.29202825 0.38941740625 0.28284875 0.36955639375 0.27686225000000003 0.34473001718749996 0.27247224999999997 0.32274111875 0.27446775 0.305717584375 0.2972165 0.31564786875 0.31198325 0.34473001718749996 0.31397875000000003 0.359625665625 0.31836875 0.37877753125 0.33513099999999996 0.3879986671875 0.35149425
4 0.20002841875000002 0.506972 0.1979005328125 0.5224575 0.21563365937499998 0.5260495 0.2312384546875 0.52325575 0.2284014203125 0.5148745 0.2078312609375 0.50769075 0.20002841875000002 0.506972