4 0.44808436875 0.45827125 0.4259569265625 0.47448775000000004 0.44334280625 0.49227375 0.48759813437500005 0.4976095 0.50182326875 0.47626650000000004 0.47969538125 0.45670175 0.44808436875 0.45827125
3 0.3927655421875 0.45225525 0.3508809953125 0.45159725 0.3342855234375 0.4673735 0.351671403125 0.49227375 0.3848627890625 0.4976095 0.4101514203125 0.48427 0.41331261093749994 0.46559475 0.3927655421875 0.45225525
3 0.40857104843750003 0.51361675 0.35562255781249996 0.51032725 0.32796314375 0.52962425 0.33270470625000004 0.550078 0.3753796625 0.5598602500000001 0.41963454687499996 0.54652075 0.4212153640625 0.52873475 0.40857104843750003 0.51361675
3 0.6219444937499999 0.49494150000000003 0.564254440625 0.49297525000000003 0.5460785968749999 0.517174 0.5571420953125 0.543853 0.5919142984375 0.558971 0.6156225578125001 0.54296375 0.629847246875 0.51628475 0.6219444937499999 0.49494150000000003
3 0.12881438750000002 0.31708225 0.07823712187500001 0.292182 0.0071123453125 0.28608574999999997 0 0.33042175 0.03398179375 0.346429 0.089301065625 0.36510425 0.1398783296875 0.35176474999999996 0.12881438750000002 0.31708225
3 0.1635865890625 0.35015475 0.1398783296875 0.36599349999999997 0.16516696250000001 0.39178324999999997 0.1951976015625 0.40245474999999997 0.22838898749999997 0.39089399999999996 0.22838898749999997 0.36243625 0.1635865890625 0.35015475
3 0.16674777968750001 0.33397875 0.2062611015625 0.34998625 0.22996936093749998 0.337536 0.204680728125 0.31708225 0.1541030203125 0.30610725 0.16674777968750001 0.33397875
4 0 0.50561325 0.0197571046875 0.5047237499999999 0.0561092359375 0.4860485 0.0118539078125 0.47295375 0 0.50561325
4 0.4006682953125 0.13638999999999998 0.45282637656249997 0.1141575 0.5365950265625 0.09992875 0.55398135 0.07236050000000001 0.5444977796875 0.043903 0.5982366781249999 0.023449249999999998 0.5729476015625 0.00121675 0.32954351718749997 0.005784 0.315318828125 0.03234225 0.2979329484375 0.0599105 0.3658965359375 0.06435674999999999 0.4054098578125 0.0857 0.372218471875 0.10259674999999999 0.4006682953125 0.13638999999999998
4 0.56978685625 0.11949325 0.5650448484374999 0.103486 0.5318534640625 0.10437525 0.5223703375000001 0.124829 0.56978685625 0.11949325
4 0.44334280625 0.15862225000000002 0.47179262812499995 0.14972924999999998 0.4575679390625 0.121909 0.4370208703125 0.13905775 0.44334280625 0.15862225000000002
3 0.1588445828125 0.20486575 0.18097246875 0.235102 0.2426136765625 0.21553724999999999 0.2552579921875 0.19152625 0.1920364125 0.19265175 0.1588445828125 0.20486575