4 0.51554420625 0.5842295187500001 0.37917971562499997 0.614747775 0.3942731484375 0.6945981484375 0.530637640625 0.6640798921875 0.51554420625 0.5842295187500001
3 0.6980167109375001 0.7644674234375 0.4413306078125 0.82191355625 0.467272446875 0.9591563890625 0.72395855 0.9017102578125 0.6980167109375001 0.7644674234375
3 0.2516628515625 0.63678373125 0.10126083906250001 0.670443575 0.118240953125 0.760275246875 0.2686429640625 0.7266154031250001 0.2516628515625 0.63678373125
3 0.41693315000000003 0.526971640625 0.27254721875 0.5592850890625 0.28528230312499997 0.62665884375 0.42966823437499996 0.5943453937500001 0.41693315000000003 0.526971640625
3 0.6407908625000001 0.9814438765625001 0.6332441453125 0.9415186890625 0.567067259375 0.956329021875 0.5746139765625 0.9962542078125001 0.6407908625000001 0.9814438765625001
3 0.5948503953125 0.052806365625 0.37025005625 0.1030717296875 0.40185193437500005 0.27025845312499996 0.6264522734375 0.2199930890625 0.5948503953125 0.052806365625
3 0.1445815921875 0.2472079484375 0.004206379687499999 0.2786238015625 0.022129831250000002 0.3734461203125 0.16250504375 0.34203026875 0.1445815921875 0.2472079484375
4 0.087240115625 0.4303987921875 0.007025709375 0.4483507078125 0.0221191421875 0.52820108125 0.1023335484375 0.510249165625 0.087240115625 0.4303987921875
4 0.861668234375 0.1816568140625 0.7894752671874999 0.19781353906250002 0.8059837109375 0.2851498875 0.8781766781250001 0.2689931625 0.861668234375 0.1816568140625
3 0.5974308359375 0.2655013125 0.47309850625000005 0.2933267828125 0.49172946250000005 0.39189209062499997 0.6160617921875 0.3640666203125 0.5974308359375 0.2655013125
3 0.745593178125 0.2089347546875 0.63128765 0.23451623437500002 0.6480319296875 0.32310024375 0.7623374578125001 0.2975187640625 0.745593178125 0.2089347546875
3 0.763531903125 0.082678559375 0.6913389375000001 0.098835284375 0.7026590125000001 0.158723065625 0.7748519796875 0.142566340625 0.763531903125 0.082678559375
4 0.856813003125 0.4545357375 0.7986575593749999 0.46755087812499996 0.8078551203125001 0.5162097 0.8660105640625 0.5031945609374999 0.856813003125 0.4545357375