3 0.442230709375 0.458877903125 0.41790125624999996 0.46328911093749997 0.3964137375 0.47525880000000004 0.372444225 0.49377488593749996 0.38766036875 0.5147150765624999 0.408912021875 0.531205284375 0.4460706359375 0.5294425796875 0.4824429859375 0.5202198953125 0.5067214765625 0.50298294375 0.5053413250000001 0.48044956875 0.4890108984375 0.45910129062499994 0.442230709375 0.458877903125
4 0.41810601875 0.4136720546875 0.4306696921875 0.3941949453125 0.41526129218749996 0.38086868281249997 0.38465299062499997 0.38451755312499997 0.3538161453125 0.393528603125 0.346046103125 0.41392584374999997 0.36607602031250003 0.425358190625 0.40978494843749996 0.42548164843749997 0.41810601875 0.4136720546875
3 0.26292734218749997 0.3978354421875 0.2450295625 0.40363975625000004 0.2243769484375 0.41906776093750003 0.23679323437500002 0.44103159999999997 0.2904235671875 0.4401775 0.3048372046875 0.4157423890625 0.2893213515625 0.39776635625 0.26292734218749997 0.3978354421875
3 0.3130791296875 0.395195290625 0.33670152343750004 0.3920618640625 0.3651091265625 0.3835091546875 0.37332274375 0.3670497890625 0.36794364687500003 0.357395671875 0.3472855015625 0.3559791859375 0.32437048125 0.35783425625 0.3099345703125 0.3653555703125 0.303135009375 0.37925912031250003 0.3130791296875 0.395195290625
4 0.5341273953125001 0.3388928953125 0.5412855953125 0.3517073765625 0.5553369328125 0.35941366874999997 0.5647440390625 0.35210014843750004 0.561050459375 0.3410140453125 0.5341273953125001 0.3388928953125
4 0.5499114296875 0.2318220234375 0.5283523546875 0.23298222968750001 0.5302261500000001 0.2512527890625 0.546313296875 0.267389003125 0.5612921984375 0.2621156 0.5596914828124999 0.251283884375 0.5592049890624999 0.24086000625 0.5499114296875 0.2318220234375
4 0.19194633125 0.3394762515625 0.20080435468750002 0.35091609687499997 0.227826153125 0.3408312171875 0.2236178921875 0.32340947343750004 0.2079377671875 0.3131632140625 0.1877380703125 0.32205450468749997 0.19194633125 0.3394762515625
3 0.20774299843750002 0.24927737187500001 0.190906640625 0.26788760625 0.1895148625 0.2873572203125 0.22099416875000003 0.27890436875 0.223392775 0.255193071875 0.20774299843750002 0.24927737187500001
3 0.3485807328125 0.20574590937499998 0.35235351875 0.22556976875 0.3770381546875 0.2436554921875 0.42220714375 0.241413603125 0.449364703125 0.2318907640625 0.452849725 0.21267521718750002 0.4411121921875 0.1935213296875 0.4308682984375 0.1805490625 0.4006167625 0.17305824375 0.359786903125 0.1806488984375 0.34072947343750004 0.1900641265625 0.3485807328125 0.20574590937499998
3 0.46862503593750005 0.273778390625 0.5061621890625 0.2777896078125 0.5191330875 0.2599983671875 0.5030746234375 0.2397741 0.4812229875 0.22921176875 0.456757775 0.233060934375 0.45487993906249996 0.24210659843750001 0.453081684375 0.24307374375 0.4546023828125 0.2619840453125 0.46862503593750005 0.273778390625
3 0.423767546875 0.2983363609375 0.44875309375 0.279821628125 0.43867327187500005 0.26332367031250004 0.42266488906250005 0.255925284375 0.4052107078125 0.25936112499999997 0.40105087656249994 0.271576225 0.388815284375 0.2840016984375 0.3997378640625 0.2997836640625 0.423767546875 0.2983363609375
3 0.4829349984375 0.1963497015625 0.49449365624999997 0.208456625 0.5158306125000001 0.21268331406250002 0.5164870875 0.1985794671875 0.501321528125 0.190465340625 0.4829349984375 0.1963497015625
4 0.12952795 0.177791634375 0.13703451093750002 0.16261005 0.12480495 0.1540339953125 0.0985184578125 0.158753109375 0.08412834375 0.1601556890625 0.0937833890625 0.176998525 0.12952795 0.177791634375
3 0.457200109375 0.53136288125 0.43764205 0.536602146875 0.44356413437500003 0.5485041734375 0.47039361562500004 0.5460329703125 0.47790023593750003 0.5308516375 0.457200109375 0.53136288125