3 0.5153206046875 0.47672175 0.51926909375 0.45505924999999997 0.5084098578125 0.4322855 0.4629986671875 0.42506475000000005 0.43831838437500004 0.42562025 0.41462566562500003 0.4337985 0.3869840140625 0.44783825000000005 0.396856128125 0.4700565 0.41363854375000003 0.48894175000000006 0.45016518593750005 0.49283 0.4876789515625 0.48949725 0.5153206046875 0.47672175
4 0.45510124375 0.346746 0.4244977796875 0.345635 0.39241341093750004 0.3495955 0.3800737125 0.36785325 0.396856128125 0.3817395 0.43930594999999995 0.388405 0.45016518593750005 0.37840675 0.46694760156250004 0.36174325 0.45510124375 0.346746
3 0.3030714921875 0.3400805 0.28431483125 0.342926 0.2606216703125 0.35452225 0.26753241562499996 0.37729575 0.3198539078125 0.38451675 0.33959813437499997 0.3634095 0.32873889843750004 0.34396875 0.3030714921875 0.3400805
3 0.41462566562500003 0.317307 0.3948814390625 0.3128635 0.37217584375 0.311197 0.35638055 0.31619600000000003 0.3465084375 0.328416 0.35243161562499997 0.34507975 0.376124778125 0.345635 0.405740675 0.34174699999999997 0.417587034375 0.32730525 0.41462566562500003 0.317307
4 0.5844245109374999 0.33785875 0.5962713140625 0.34730150000000004 0.60713055 0.34174699999999997 0.606143428125 0.33063775 0.580476021875 0.32458475 0.5844245109374999 0.33785875
4 0.6209511546875001 0.224999 0.599726465625 0.22287400000000002 0.5972584375000001 0.24055149999999997 0.6091047953125 0.258326 0.6249000890625 0.25554875 0.6258872109375 0.24499525000000003 0.62786145625 0.23499699999999998 0.6209511546875001 0.224999
4 0.2695066609375 0.25121975 0.2477881875 0.25665974999999996 0.2477881875 0.27387875 0.2537113671875 0.2860985 0.2823401421875 0.280544 0.2823401421875 0.263325 0.2695066609375 0.25121975
3 0.26358348125000003 0.205558 0.25766030156249997 0.223888 0.2902380109375 0.22055525 0.2981354359375 0.19833725 0.28431483125 0.19036 0.26358348125000003 0.205558
3 0.489653196875 0.14668 0.448190496875 0.147791 0.427459146875 0.153901 0.43140808125 0.17000900000000002 0.43042095937499997 0.18945 0.45016518593750005 0.21036875 0.49458925468750004 0.21500075000000002 0.523218028125 0.21000175 0.531115896875 0.19222725000000002 0.5242051515624999 0.172231 0.5172948484375001 0.1583445 0.489653196875 0.14668
3 0.5548086140625 0.21222349999999998 0.5301283296875 0.21222349999999998 0.526179840625 0.22055525 0.5242051515624999 0.22120674999999998 0.5212437828125001 0.2394405 0.5321030203125 0.25277150000000004 0.5676420953125 0.26221425 0.5844245109374999 0.24721700000000002 0.5735657187500001 0.22555424999999998 0.5548086140625 0.21222349999999998
3 0.505448490625 0.23832974999999998 0.49162744218750004 0.228887 0.47385790468750005 0.22954375 0.46694760156250004 0.24055149999999997 0.45213943125 0.25054975 0.4590497328125 0.26721325 0.4827428953125 0.269435 0.5113716703125 0.25554875 0.505448490625 0.23832974999999998
3 0.572578153125 0.194449 0.5923223796875 0.20167000000000002 0.5962713140625 0.18833899999999998 0.5834373890625 0.178341 0.5641869453125 0.1811895 0.572578153125 0.194449
4 0.1851008 0.086982 0.19053019531249998 0.10446575 0.22508259375 0.11057575 0.2359418296875 0.09724475 0.226069715625 0.08724675 0.19941518593750002 0.08780225 0.1851008 0.086982
3 0.4402930734375 0.49838449999999995 0.44325444062499997 0.5106045 0.4699089703125 0.51227075 0.48076820624999994 0.49894 0.46053063906249997 0.49632575 0.4402930734375 0.49838449999999995