2 0.6008608390625 0.247478246875 0.46563754843750005 0.22118444375 0.4397508296875 0.422594803125 0.5749741234375 0.44888860468749997 0.6008608390625 0.247478246875
2 0.5007055968749999 0.0445071640625 0.48132311562499996 0.1953116359375 0.60276414375 0.2189255140625 0.6224841296875 0.065495109375 0.5262038921875 0.0467736796875 0.5007055968749999 0.0445071640625
2 0.759534325 0.2217958796875 0.638956303125 0.198349809375 0.6114214312499999 0.41258355937499996 0.7319994546874999 0.436029628125 0.759534325 0.2217958796875
2 0.4349759796875 0.645198915625 0.3066464015625 0.6202455765625 0.2807596859375 0.8216559359375 0.4090892640625 0.8466092734374999 0.4349759796875 0.645198915625
2 0.55102116875 0.44291742031250003 0.420965578125 0.4176284640625 0.3967280046875 0.6062077343750001 0.5267835953125 0.6314966921875 0.55102116875 0.44291742031250003
2 0.874905409375 0.6360761562499999 0.7302097140625 0.607940471875 0.70267484375 0.822174221875 0.8473705359375 0.8503099046875 0.874905409375 0.6360761562499999
2 0.687482084375 0.720597615625 0.5608733531250001 0.695978890625 0.5386143578125 0.8691639359375 0.6652230890624999 0.893782659375 0.687482084375 0.720597615625
2 0.7231322015625 0.511882646875 0.5810203578124999 0.4842493859375 0.5556282859375 0.6818111874999999 0.697740128125 0.70944445 0.7231322015625 0.511882646875
2 0.538570846875 1 0.5595939125 0.8364310500000001 0.41920291406250004 0.8091324015625 0.3946712296875 1 0.538570846875 1
2 0.6639314765625 1 0.673653709375 0.9243566296875001 0.5591012296875 0.9020822125000001 0.5465161265625 1 0.6639314765625 1
2 0.821067928125 1 0.8388312484375 0.8617933343749999 0.6958564015625 0.8339922625 0.6745198859375 1 0.821067928125 1