1 0.198957296875 0.5906769203125 0.053508292187499994 0.5878940375 0.038093725 0.69555 0.18354272968750002 0.698332884375 0.198957296875 0.5906769203125
1 0.403279203125 0.48494497968749994 0.2587592921875 0.48217987031250004 0.24267730312500002 0.5944971234375 0.387197215625 0.5972622328125 0.403279203125 0.48494497968749994
1 0.5251799765625 0.31696331718750004 0.362539240625 0.313851503125 0.34664621875 0.4248490078125 0.5092869546875 0.42796082343749997 0.5251799765625 0.31696331718750004
1 0.3695272609375 0.4342679203125 0.22826273593750002 0.431565096875 0.220126675 0.48838767968749996 0.3613912 0.491090503125 0.3695272609375 0.4342679203125
1 0.7048584859375 0.1490175171875 0.5961228234375 0.1469370703125 0.584992915625 0.2246687953125 0.693728578125 0.2267492421875 0.7048584859375 0.1490175171875
1 0.690786325 0.214752671875 0.595061490625 0.21292116249999998 0.586874778125 0.270097490625 0.6825996109375 0.271929 0.690786325 0.214752671875
1 0.3171241828125 0.585486059375 0.22883206718750002 0.5837967609375 0.2198478015625 0.6465432359375 0.3081399171875 0.6482325343750001 0.3171241828125 0.585486059375
1 0.47786906875 0.517240559375 0.400729603125 0.5157646453125 0.39189144531250003 0.5774907 0.46903090937499997 0.5789666140625 0.47786906875 0.517240559375
0 0.612747871875 0.5645290203125 0.49750500468750003 0.562324071875 0.4854742953125 0.6463470421874999 0.600717159375 0.648551990625 0.612747871875 0.5645290203125
0 0.3546916140625 0.674556325 0.246885040625 0.67249365625 0.234053659375 0.7621085421875 0.3418602328125 0.7641712125 0.3546916140625 0.674556325
0 0.5709181265625001 0.674435446875 0.47751601718750003 0.672648378125 0.467722509375 0.7410466375 0.5611246171875 0.74283370625 0.5709181265625001 0.674435446875
0 0.6932058750000001 0.646970884375 0.5891156609375 0.6449793203125 0.57658545625 0.7324907765625001 0.6806756703125 0.7344823421875 0.6932058750000001 0.646970884375
0 0.715054340625 0.42278295625 0.63280488125 0.42120927343750003 0.6238513953125 0.48374077968750007 0.7061008546875 0.48531446406249995 0.715054340625 0.42278295625
0 0.7712861515625 0.140707065625 0.7006538890625 0.1393556546875 0.6921504140625 0.198744259375 0.762782678125 0.2000956703125 0.7712861515625 0.140707065625
0 0.80959814375 0.21808323125 0.7426822390625001 0.216802925 0.7350967125000001 0.2697805546875 0.8020126171875 0.2710608609375 0.80959814375 0.21808323125
1 0.7523849109375 0.2531818421875 0.6692063625 0.2515903828125 0.659699615625 0.3179858921875 0.7428781640625 0.3195773515625 0.7523849109375 0.2531818421875
0 0.7179541046875 0.3504532484375 0.66497811875 0.34943965625 0.6595300515625 0.38748918125 0.7125060359375001 0.3885027734375 0.7179541046875 0.3504532484375
0 0.7831738203125 0.67600808125 0.718116096875 0.674763328125 0.7100377 0.7311831828125 0.7750954234375 0.7324279375 0.7831738203125 0.67600808125