0 0.46339514218750005 0.42167105937500005 0.3231796125 0.4392160703125 0.34471395 0.5447296734375 0.48492948125 0.5271846625000001 0.46339514218750005 0.42167105937500005
0 0.65465699375 0.5424029640625 0.5211190640625001 0.5591124140625 0.5419623890625 0.6612402078125 0.675500321875 0.6445307578125 0.65465699375 0.5424029640625
0 0.4452685953125 0.597534978125 0.342147325 0.6104384265625 0.3581541171875 0.6888682515625 0.4612753890625 0.6759648046875 0.4452685953125 0.597534978125
1 0.3341355328125 0.69418851875 0.2606889671875 0.703378803125 0.27312608125 0.7643179703125 0.346572646875 0.7551276828125 0.3341355328125 0.69418851875
1 0.2722727421875 0.637121825 0.20179399999999997 0.6459407500000001 0.21354010156249997 0.703494109375 0.28401884375 0.6946751859375 0.2722727421875 0.637121825
0 0.4237747859375 0.7084326437499999 0.3443925765625 0.7183656515625 0.35901734687500003 0.7900238640625 0.43839955625 0.78009085625 0.4237747859375 0.7084326437499999
0 0.4402320890625 0.81515886875 0.3779148578125 0.8229565546875 0.3886244421875 0.8754312046875 0.45094167343749997 0.8676335203125 0.4402320890625 0.81515886875
0 0.3340034453125 0.8463912109375 0.2835575015625 0.8527034546875001 0.2911580796875 0.88994465 0.3416040234375 0.88363240625 0.3340034453125 0.8463912109375
0 1 0.6501744640625 0.9944813828125 0.62313443125 0.8898762015624999 0.6362235578125001 0.9068043421875001 0.7191677921874999 1 0.707506325 1 0.6501744640625
0 0.7602123656249999 0.2282962515625 0.6852818875 0.2376722171875 0.6977190015625 0.298611384375 0.7726494781250001 0.28923541875000003 0.7602123656249999 0.2282962515625
0 0.8742411640625001 0.1532700578125 0.7740877140625 0.16580214531249998 0.7897490015625 0.242539065625 0.8899024515624999 0.2300069796875 0.8742411640625001 0.1532700578125
0 0.9429854765625001 0.229150509375 0.843573984375 0.24158975625 0.8575077437499999 0.30986216093749996 0.956919234375 0.2974229140625 0.9429854765625001 0.229150509375
0 0.7202849625 0.3085166515625 0.667613153125 0.3151074140625 0.6770558828125 0.361374753125 0.72972769375 0.3547839890625 0.7202849625 0.3085166515625
0 0.8355600328125 0.358901296875 0.7717588890625 0.3668846625 0.7815471265625 0.4148449046875 0.8453482703124999 0.4068615390625 0.8355600328125 0.358901296875
0 0.5209180015625 0.6401490187500001 0.4586007703125 0.6479467031249999 0.46884968125000004 0.69816415 0.5311669125 0.690366465625 0.5209180015625 0.6401490187500001
0 0.5116786515625 0.74025390625 0.44416773125000003 0.7487014703125 0.4523436078125 0.7887614968750001 0.519854528125 0.7803139328124999 0.5116786515625 0.74025390625
0 0.5771136953125 0.68808946875 0.531857925 0.693752271875 0.539228165625 0.7298648640625001 0.5844839375 0.7242020609375001 0.5771136953125 0.68808946875