2 0.38781746093749997 0.527357390625 0.5315873015625 0.527357390625 0.5315873015625 0.4159064984375 0.38781746093749997 0.4159064984375 0.38781746093749997 0.527357390625
2 0.0835449734375 0.6396837796875 0.229523809375 0.6396837796875 0.229523809375 0.532265625 0.0835449734375 0.532265625 0.0835449734375 0.6396837796875
2 0.25431216874999996 0.5164298109375001 0.388353175 0.5164298109375001 0.388353175 0.40625868125000003 0.25431216874999996 0.40625868125000003 0.25431216874999996 0.5164298109375001
2 0.21024305625 0.7829067453125 0.337858796875 0.7829067453125 0.337858796875 0.67893353125 0.21024305625 0.67893353125 0.21024305625 0.7829067453125
0 0.051413690624999994 0.7670696921875 0.1891286375 0.7670696921875 0.1891286375 0.670668403125 0.051413690624999994 0.670668403125 0.051413690624999994 0.7670696921875
0 0.48567295 0.675488590625 0.58758101875 0.675488590625 0.58758101875 0.590106646875 0.48567295 0.590106646875 0.48567295 0.675488590625
0 0.673882275 0.349794146875 0.7932341265625 0.349794146875 0.7932341265625 0.2595907734375 0.673882275 0.2595907734375 0.673882275 0.349794146875
2 0.7087714953125 0.1907353671875 0.8464864421874999 0.1907353671875 0.8464864421874999 0.0908916171875 0.7087714953125 0.0908916171875 0.7087714953125 0.1907353671875
2 0.633487103125 0.251329365625 0.7317245375 0.251329365625 0.7317245375 0.16112599218749998 0.633487103125 0.16112599218749998 0.633487103125 0.251329365625
0 0.6573561515625 0.5556783234375 0.7739533734374999 0.5556783234375 0.7739533734374999 0.4640984625 0.6573561515625 0.4640984625 0.6573561515625 0.5556783234375
0 0.6399123671875 0.713359375 0.7482490078125 0.713359375 0.7482490078125 0.6334858624999999 0.6399123671875 0.6334858624999999 0.6399123671875 0.713359375
0 0.6114517203125 0.6238454859375 0.7023445765624999 0.6238454859375 0.7023445765624999 0.5508568953124999 0.6114517203125 0.5508568953124999 0.6114517203125 0.6238454859375
0 0.8547470234375 0.546726190625 0.99613260625 0.546726190625 0.99613260625 0.44619543593750005 0.8547470234375 0.44619543593750005 0.8547470234375 0.546726190625
0 0.8400578703124999 0.6451922125 0.9777728171875 0.6451922125 0.9777728171875 0.5543018359375 0.8400578703124999 0.5543018359375 0.8400578703124999 0.6451922125