0 0.43550340624999995 0 0.4340836125 0.0076004140625 0.49578383125 0.015194865625000002 0.49862230625 0 0.43550340624999995 0
0 0.5332127375 0 0.530270709375 0.015749203125 0.586630853125 0.0226863640625 0.590868775 0 0.5332127375 0
0 0.5783719625 0.023573028125 0.532296921875 0.017901821875 0.5246707328125 0.05872617812499999 0.5707457734375 0.0643973828125 0.5783719625 0.023573028125
0 0.5277469421875 0.0173417828125 0.470596703125 0.010307371875 0.46252156875 0.0535350203125 0.5196718046875 0.060569429687499995 0.5277469421875 0.0173417828125
2 0.61947568125 0.35584618749999997 0.5846698984375001 0.351562071875 0.579632046875 0.37853060156249996 0.6144378296874999 0.3828147140625 0.61947568125 0.35584618749999997
2 0.5374477765625 0.43758953125 0.5109483906250001 0.4343278203125 0.50678381875 0.4566215234375 0.5332832062499999 0.459883234375 0.5374477765625 0.43758953125
0 0.583298959375 0.3610833109375 0.557392146875 0.3578945375 0.553499796875 0.37873098125000004 0.5794066109375 0.3819197546875 0.583298959375 0.3610833109375
2 0.8366933187500001 0.1882843078125 0.7987236875 0.1836107671875 0.7932821765625 0.21274015 0.8312518078125001 0.21741368906249997 0.8366933187500001 0.1882843078125
2 0.7450382515625 0.1959258578125 0.711026028125 0.1917394203125 0.7053339546874999 0.22221011562499998 0.7393461765625 0.226396553125 0.7450382515625 0.1959258578125
2 0.7387491500000001 0.26207181562500004 0.708295821875 0.25832342812500003 0.70314425625 0.285900684375 0.733597584375 0.2896490703125 0.7387491500000001 0.26207181562500004
0 0.7281306390625 0.29076212031250004 0.6915471390625 0.2862591921875 0.6866510609375001 0.31246878749999996 0.723234559375 0.3169717140625 0.7281306390625 0.29076212031250004
0 0.754887984375 0.2991330859375 0.72799355 0.2958227515625 0.7233509875 0.320675221875 0.750245421875 0.32398555625 0.754887984375 0.2991330859375
0 0.71354048125 0.249737271875 0.6868435734375 0.24645125 0.6827577640625 0.26832332187499996 0.709454671875 0.27160934375 0.71354048125 0.249737271875
1 0.9954597015625 0.044449834375000004 0.9709390203125 0.0414316734375 0.966797584375 0.063601521875 0.9913182671874999 0.06661968124999999 0.9954597015625 0.044449834375000004
2 1 0.2000767234375 0.98414943125 0.1981257359375 0.9811840187499999 0.214000115625 1 0.2163161046875 1 0.2000767234375
2 0.5006969328124999 0.535737509375 0.44979468593750005 0.529472140625 0.44232011718750003 0.56948485625 0.49322236249999996 0.575750225 0.5006969328124999 0.535737509375
2 0.4576738546875 0.5227616796875 0.432685353125 0.5196859375 0.426352840625 0.5535850140624999 0.45134134374999996 0.5566607546875 0.4576738546875 0.5227616796875