0 0.5148412203125 0.077971403125 0.3186777765625 0.0990672015625 0.355134325 0.2679484890625 0.55129776875 0.24685268906250002 0.5148412203125 0.077971403125
0 0.4071470796875 0.237170271875 0.22800193750000003 0.256435890625 0.2564880046875 0.38839472656249996 0.435633146875 0.369129109375 0.4071470796875 0.237170271875
0 0.5125380671875 0.3517635609375 0.3504112265625 0.369198996875 0.3774216265625 0.49432195312499994 0.5395484671874999 0.4768865171875 0.5125380671875 0.3517635609375
0 0.6545315671874999 0.512792484375 0.4915088515625 0.5303242640625 0.518076384375 0.653395690625 0.6810991015625001 0.635863909375 0.6545315671874999 0.512792484375
0 0.3884341734375 0.507126790625 0.2925921421875 0.5174338296875 0.31000877187500003 0.5981146140625 0.4058508015625 0.587807575 0.3884341734375 0.507126790625
0 0.374505534375 0.4043861515625 0.2697047375 0.4156566328125 0.290368496875 0.511379421875 0.39516929375 0.5001089390625 0.374505534375 0.4043861515625
0 0.7726812125 0.5973304203125 0.6472786078125 0.6108164625 0.6672042578124999 0.70312003125 0.7926068625 0.689633990625 0.7726812125 0.5973304203125
0 0.32323281718749997 0.561714359375 0.24172145937499998 0.57048025 0.2567761359375 0.640219528125 0.3382874953125 0.6314536390625001 0.32323281718749997 0.561714359375
1 0.88170261875 0.0748985859375 0.8753320546875001 0.0453875875 0.76595735 0.039716307812500004 0.7760059453125 0.0862654125 0.88170261875 0.0748985859375
1 0.46064914218749997 0.0238855109375 0.407254865625 0.0296276359375 0.4190098875 0.08408159531250001 0.4933542328125 0.076086459375 0.4823282296875 0.0250096125 0.46064914218749997 0.0238855109375
0 0.682913496875 0.0354103296875 0.610892571875 0.0431556 0.625209690625 0.10947822031250001 0.7147805843749999 0.09984559062500001 0.7010741687500001 0.03635199375 0.682913496875 0.0354103296875
0 0.7464918375 0.13211575625 0.6676681109375 0.1405926140625 0.68242754375 0.2089642046875 0.761251271875 0.2004873484375 0.7464918375 0.13211575625
0 0.9099349015625 0.1250319421875 0.8203640078125 0.1346645703125 0.834681128125 0.2009871921875 0.924252021875 0.1913545625 0.9099349015625 0.1250319421875
0 0.9495769046874999 0.21101816874999998 0.8770243125 0.21882061562500002 0.8885366156250001 0.2721502 0.9610892062499999 0.264347753125 0.9495769046874999 0.21101816874999998
0 0.9709230078125 0.2716842203125 0.9100134593749999 0.278234553125 0.9193119859375001 0.321309040625 0.9802215343749999 0.314758709375 0.9709230078125 0.2716842203125
0 1 0.5924736421875 0.984622240625 0.594127396875 0.9949541203125 0.6419887890625 1 0.6414461453125 1 0.5924736421875
0 0.94817210625 0.7309691265625 0.8980130765625001 0.7363633265625 0.9087878249999999 0.7862762531249999 0.958946853125 0.7808820546875 0.94817210625 0.7309691265625
0 0.8210053500000001 0.6725868796875 0.7753223499999999 0.67749971875 0.78329283125 0.7144221703125 0.8289758328125 0.7095093328125001 0.8210053500000001 0.6725868796875
0 0.2047553109375 0.24214522968750002 0.15011689687500002 0.24802115156250001 0.1600059109375 0.2938310140625 0.2146443234375 0.28795509375 0.2047553109375 0.24214522968750002
0 0.3288502109375 0.150444340625 0.2760035515625 0.15612757500000002 0.28810634375 0.21219253437500002 0.3409530015625 0.2065093 0.3288502109375 0.150444340625