1 0.67706658125 0.4423167109375 0.5749642140625 0.4183280546875 0.5558944453125 0.4928803234375 0.6579968140625 0.516868978125 0.67706658125 0.4423167109375
0 0.420573190625 0.46570407812500003 0.3467247828125 0.4483536078125 0.3324840828125 0.5040268875 0.406332490625 0.5213773578125 0.420573190625 0.46570407812500003
0 0.42558081718749996 0.58183835625 0.341459859375 0.56207438125 0.326104759375 0.6221043500000001 0.4102257171875 0.641868325 0.42558081718749996 0.58183835625
0 0.56541366875 0.668577190625 0.49734423593750005 0.652584475 0.48397074843750004 0.7048674296875 0.5520401796875001 0.720860146875 0.56541366875 0.668577190625
0 0.3662033921875 0.648975025 0.30070476875 0.6335863125000001 0.2879506203125 0.6834479890625 0.35344924375 0.6988367015625 0.3662033921875 0.648975025
0 0.159798615625 0.497837684375 0.1007198890625 0.4839573078125 0.08895586250000001 0.5299481625 0.1480345890625 0.5438285390625001 0.159798615625 0.497837684375
0 0.1675439359375 0.5473849171875 0.11296234375 0.53456113125 0.103427115625 0.5718386062499999 0.1580087078125 0.5846623937500001 0.1675439359375 0.5473849171875
0 0.1352923640625 0.6096031296875 0.096121375 0.60040001875 0.087948421875 0.6323517578125 0.1271194109375 0.64155486875 0.1352923640625 0.6096031296875
0 0.233041409375 0.67721746875 0.18937684531250001 0.6669586062499999 0.1812038921875 0.6989103437499999 0.22486845625 0.70916920625 0.233041409375 0.67721746875
0 0.2625406828125 0.5938254078125 0.21566439062499998 0.5828119578125001 0.20625344218750002 0.61960356875 0.2531297359375 0.63061701875 0.2625406828125 0.5938254078125
0 0.3039971984375 0.5861173 0.25968815312500004 0.57570701875 0.250772265625 0.6105632171875001 0.2950813109375 0.6209734984375 0.3039971984375 0.5861173
0 0.3445497046875 0.5207172140624999 0.27905108125 0.5053285015625 0.26555331249999997 0.5580973234375 0.3310519375 0.5734860359375 0.3445497046875 0.5207172140624999
0 0.40536653906250003 0.4133779625 0.34821413749999997 0.399950171875 0.3364501109375 0.4459410265625 0.3936025125 0.4593688171875 0.40536653906250003 0.4133779625
0 0.47446994218749994 0.43064089218749996 0.40640050937499994 0.4146481765625 0.3936463609375 0.46450985312500004 0.4617157953125 0.4805025703125 0.47446994218749994 0.43064089218749996
0 0.5108746078124999 0.5464528671875 0.42803905625 0.5269908953125 0.41466556718750003 0.57927385 0.4975011203125 0.5987358234375 0.5108746078124999 0.5464528671875
0 0.5803317984375 0.5596912015625 0.5251057234375 0.5467159953125 0.512846634375 0.5946422609375001 0.5680727109375 0.6076174671875 0.5803317984375 0.5596912015625
0 0.6535903249999999 0.5686933375 0.6092812796875 0.55828305625 0.59925099375 0.5974959421875 0.6435600390625 0.6079062234375 0.6535903249999999 0.5686933375
0 0.486414559375 0.333372321875 0.4241276625 0.318738196875 0.41199216875 0.3661812796875 0.47427906406250003 0.38081540468749997 0.486414559375 0.333372321875
0 0.332587515625 0.3439313109375 0.263236240625 0.32763743125 0.24961488125 0.3808894328125 0.3189661546875 0.39718331406249996 0.332587515625 0.3439313109375
0 0.2922684921875 0.392451703125 0.23190792187499998 0.3782701625 0.2206396421875 0.4223229203125 0.2810002125 0.4365044625 0.2922684921875 0.392451703125
0 0.254379415625 0.42614511093749996 0.2081440453125 0.4152822453125 0.199599625 0.4486862125 0.2458349953125 0.4595490796875 0.254379415625 0.42614511093749996
0 0.2662012828125 0.515654225 0.2109752078125 0.50267901875 0.199830521875 0.5462485953125 0.2550565984375 0.5592238015625 0.2662012828125 0.515654225
0 0.44376366562499997 0.694395028125 0.40715992187500005 0.6857950859375 0.3984919078125 0.7196822375 0.43509565156249996 0.7282821796875 0.44376366562499997 0.694395028125
0 0.902542653125 0.14631496093750002 0.8614453375 0.1366592640625 0.8529009171874999 0.1700632328125 0.89399823125 0.1797189265625 0.902542653125 0.14631496093750002
0 0.9454798953125 0.10354044531249999 0.9990300984375 0.1161219125 0.9991899468750001 0.09454237343750001 0.9506958781250001 0.08314883125 0.9454798953125 0.10354044531249999
0 0.7246606437499999 0.03004250625 0.7189489140624999 0.052372215624999996 0.754908175 0.060820740625 0.760619903125 0.0384910296875 0.7246606437499999 0.03004250625
1 0.259918115625 0.151987465625 0.194861015625 0.1367024875 0.1828813859375 0.183536225 0.2479384859375 0.1988212015625 0.259918115625 0.151987465625
0 0.0902384421875 0.6488767375 0.0583846375 0.641392778125 0.0528881671875 0.662880946875 0.0847419703125 0.6703649046875 0.0902384421875 0.6488767375
0 0.09798351250000001 0.6915630140625 0.07828229375 0.6869342703125 0.0741604546875 0.7030483828125 0.0938616734375 0.7076771265625 0.09798351250000001 0.6915630140625
1 0.3992104765625 0.26509956875 0.32411939375 0.24745713593750002 0.3100888 0.302309009375 0.38517988281250004 0.319951440625 0.3992104765625 0.26509956875
0 0.434098921875 0.23029851093749998 0.397844125 0.22178055 0.3911508578125 0.2479475296875 0.42740565625000004 0.2564654890625 0.434098921875 0.23029851093749998