1 0.66148320625 0.1368303046875 0.5038127125 0.142669953125 0.5094895625 0.2703990671875 0.66716005625 0.26455941875 0.66148320625 0.1368303046875
1 0.5725379296875001 0.090661009375 0.4566601453125 0.094952778125 0.460627628125 0.18422113281250002 0.5765054125 0.17992936406249999 0.5725379296875001 0.090661009375
1 0.40500953749999996 0.274269965625 0.2897630828125 0.27853835312499997 0.29328735781250004 0.35783455625 0.4085338125 0.35356616875 0.40500953749999996 0.274269965625
0 0.3510375234375 0.4013555078125 0.24339066250000002 0.4053424296875 0.246936090625 0.48511458125000007 0.35458295156249997 0.48112765937499996 0.3510375234375 0.4013555078125
0 0.5881986453125 0.47152176093750003 0.4849846015625 0.475344503125 0.48823455937500004 0.548468553125 0.591448603125 0.5446458109375001 0.5881986453125 0.47152176093750003
0 0.6861975499999999 0.47883166875 0.6013460984375001 0.48197431562500004 0.60411065625 0.544176846875 0.6889621078125 0.5410342 0.6861975499999999 0.47883166875
0 0.633705553125 0.53927701875 0.5488541015624999 0.542419665625 0.5516186578125 0.6046221984375 0.636470109375 0.6014795515625 0.633705553125 0.53927701875
0 0.6668848265625 0.37253565 0.568103596875 0.3761942140625 0.571627871875 0.4554904171875 0.6704091015625 0.451831853125 0.6668848265625 0.37253565
0 0.7810128046875 0.3573679234375 0.6695678359375 0.36149551562500004 0.6733242359375 0.44601450312499996 0.7847692046875 0.4418869109375 0.7810128046875 0.3573679234375
0 0.5325385515625001 0.3323257890625 0.43565806562500003 0.33591395468749996 0.439393425 0.419959525 0.5362739109375 0.41637135937499997 0.5325385515625001 0.3323257890625
0 0.233492446875 0.35386687031249997 0.1410414 0.3572909828125 0.144101428125 0.426141615625 0.236552475 0.422717503125 0.233492446875 0.35386687031249997
0 0.1087283546875 0.429353590625 0.0351733234375 0.43207785000000004 0.037579175 0.4862094953125 0.11113420624999999 0.4834852359375 0.1087283546875 0.429353590625
0 0.955733228125 0.438487578125 0.8394199265625 0.44279547812500003 0.842951178125 0.5222486421875 0.9592644796875 0.5179407421875 0.955733228125 0.438487578125
0 0.83282665625 0.4324311015625 0.74288405 0.4357623078125 0.7457560609375 0.5003825609375 0.8356986671875 0.4970513546875 0.83282665625 0.4324311015625