2 0.44406730781250003 0.53968389375 0.587810896875 0.53968389375 0.587810896875 0.42995072187499994 0.44406730781250003 0.42995072187499994 0.44406730781250003 0.53968389375
2 0.33540224375 0.5775456734375 0.452623396875 0.5775456734375 0.452623396875 0.46973798125000005 0.33540224375 0.46973798125000005 0.33540224375 0.5775456734375
2 0.43722435937500004 0.417115384375 0.548455128125 0.417115384375 0.548455128125 0.3215 0.43722435937500004 0.3215 0.43722435937500004 0.417115384375
2 0.5638541671875 0.4395769234375 0.6690945515625 0.4395769234375 0.6690945515625 0.342677884375 0.5638541671875 0.342677884375 0.5638541671875 0.4395769234375
2 0.2866330125 0.8053557687499999 0.37732852499999997 0.8053557687499999 0.37732852499999997 0.7302740390625 0.2866330125 0.7302740390625 0.2866330125 0.8053557687499999
2 0.30802403906250003 0.869525240625 0.37732852499999997 0.869525240625 0.37732852499999997 0.8002199515624999 0.30802403906250003 0.8002199515624999 0.30802403906250003 0.869525240625
0 0.46716987187500003 0.7476009609375 0.5895224359375 0.7476009609375 0.5895224359375 0.6577596156250001 0.46716987187500003 0.6577596156250001 0.46716987187500003 0.7476009609375
0 0.43979166718749996 0.6545516828125 0.5655673078125 0.6545516828125 0.5655673078125 0.5557271640625 0.43979166718749996 0.5557271640625 0.43979166718749996 0.6545516828125
0 0.3858862171875 0.6648185093750001 0.45347916718750003 0.6648185093750001 0.45347916718750003 0.575618990625 0.3858862171875 0.575618990625 0.3858862171875 0.6648185093750001
0 0.6665304484375 0.45561778906250006 0.7700592953125 0.45561778906250006 0.7700592953125 0.36962740312500003 0.6665304484375 0.36962740312500003 0.6665304484375 0.45561778906250006
0 0.5749791671875 0.268236778125 0.7478157046875 0.268236778125 0.7478157046875 0.1251334140625 0.5749791671875 0.1251334140625 0.5749791671875 0.268236778125
0 0.376474359375 0.889419471875 0.4748717953125 0.889419471875 0.4748717953125 0.8117728359375 0.376474359375 0.8117728359375 0.376474359375 0.889419471875
0 0.46203685937500005 0.850915865625 0.577546475 0.850915865625 0.577546475 0.7578677890625001 0.46203685937500005 0.7578677890625001 0.46203685937500005 0.850915865625
0 0.2173269234375 0.926638221875 0.2780769234375 0.926638221875 0.2780769234375 0.875943509375 0.2173269234375 0.875943509375 0.2173269234375 0.926638221875
0 0.2635304484375 0.8874939906250001 0.31829006406250004 0.8874939906250001 0.31829006406250004 0.8412896640625 0.2635304484375 0.8412896640625 0.2635304484375 0.8874939906250001