2 0.653258928125 0.405197171875 0.8351140875 0.405197171875 0.8351140875 0.2641728671875 0.653258928125 0.2641728671875 0.653258928125 0.405197171875
2 0.41579034375 0.45949032812499996 0.5914649468750001 0.45949032812499996 0.5914649468750001 0.327072171875 0.41579034375 0.327072171875 0.41579034375 0.45949032812499996
2 0.47847056875 0.3151525296875 0.6126537703125 0.3151525296875 0.6126537703125 0.1920052078125 0.47847056875 0.1920052078125 0.47847056875 0.3151525296875
1 0.2445320765625 0.3687822421875 0.40078538437500005 0.3687822421875 0.40078538437500005 0.24232390937499998 0.2445320765625 0.24232390937499998 0.2445320765625 0.3687822421875
0 0.18362103125 0.48928323437500004 0.331927909375 0.48928323437500004 0.331927909375 0.3740798609375 0.18362103125 0.3740798609375 0.18362103125 0.48928323437500004
0 0.1394791671875 0.5654228671875 0.2586557546875 0.5654228671875 0.2586557546875 0.4813380453125 0.1394791671875 0.4813380453125 0.1394791671875 0.5654228671875
0 0.41667493437500003 0.6521577375 0.5764599875 0.6521577375 0.5764599875 0.5356299609375 0.41667493437500003 0.5356299609375 0.41667493437500003 0.6521577375
0 0.4166732796875 0.760076884375 0.5720436515625 0.760076884375 0.5720436515625 0.6514955359375 0.4166732796875 0.6514955359375 0.4166732796875 0.760076884375
0 0.6417840609375001 0.757429315625 0.767137896875 0.757429315625 0.767137896875 0.668046875 0.6417840609375001 0.668046875 0.6417840609375001 0.757429315625
0 0.61353670625 0.6534821421875 0.7477199078125001 0.6534821421875 0.7477199078125001 0.5548313484375 0.61353670625 0.5548313484375 0.61353670625 0.6534821421875
1 0.6417857140625001 0.5528435015625 0.7989219578125 0.5528435015625 0.7989219578125 0.4330047125 0.6417857140625001 0.4330047125 0.6417857140625001 0.5528435015625
0 0.27013392812500003 0.6898958328125 0.3804811515625 0.6898958328125 0.3804811515625 0.6025 0.27013392812500003 0.6025 0.27013392812500003 0.6898958328125
0 0.3257473546875 0.6150806046875 0.423736771875 0.6150806046875 0.423736771875 0.52702256875 0.3257473546875 0.52702256875 0.3257473546875 0.6150806046875