2 0.8191671828124999 0.23339936562500002 0.6238216203125 0.2344305640625 0.6190237390625 0.3857208828125 0.8143693000000001 0.3846896828125 0.8191671828124999 0.23339936562500002
2 0.555303690625 0.3022590890625 0.36659717187499996 0.30325524375 0.3620920859375 0.445312915625 0.550798603125 0.4443167625 0.555303690625 0.3022590890625
2 0.58265955 0.1572396328125 0.4385223546875 0.1580005125 0.4343326765625 0.2901124734375 0.578469871875 0.2893515953125 0.58265955 0.1572396328125
1 0.35336239062499997 0.212422725 0.1855178796875 0.2133087515625 0.18121555625000002 0.34897275156249996 0.3490600671875 0.34808672500000004 0.35336239062499997 0.212422725
0 0.27491436406249997 0.35416044375 0.1156057671875 0.355001409375 0.11168635468749999 0.4785911328125 0.270994953125 0.477750165625 0.27491436406249997 0.35416044375
0 0.192557621875 0.4696420859375 0.06454026093750001 0.47031787031250005 0.06167955625 0.560523734375 0.189696915625 0.55984795 0.192557621875 0.4696420859375
0 0.532090146875 0.52608414375 0.3604518984375 0.526990196875 0.356487428125 0.6520007375 0.5281256765625 0.6510946843750001 0.532090146875 0.52608414375
0 0.5234042578125 0.65040931875 0.35650818125 0.6512903375 0.35281406249999997 0.7677759796875 0.5197101390625 0.7668949609375 0.5234042578125 0.65040931875
0 0.73240790625 0.667059259375 0.5977550546875 0.6677700718749999 0.594714115625 0.7636592 0.7293669656249999 0.7629483875 0.73240790625 0.667059259375
0 0.7154012296875 0.5457122 0.5712640328125 0.546473078125 0.56790776875 0.6523052578125 0.7120449640625 0.6515443796875 0.7154012296875 0.5457122
1 0.7745463015625 0.41472672499999996 0.6057533578125 0.4156177578125 0.6016762421874999 0.5441803390625 0.7704691859375 0.5432893062499999 0.7745463015625 0.41472672499999996
0 0.319298153125 0.598933346875 0.2007651390625 0.5995590640625 0.1977917859375 0.6933169703125001 0.3163248015625 0.6926912515625 0.319298153125 0.598933346875
0 0.3683304375 0.5177161781249999 0.26307195625 0.518271821875 0.260076075 0.6127401359375 0.36533455625 0.612184490625 0.3683304375 0.5177161781249999