1 0.4937929890625 0.667230903125 0.5901025125 0.667230903125 0.5901025125 0.595611359375 0.4937929890625 0.595611359375 0.4937929890625 0.667230903125
1 0.3313707015625 0.58826636875 0.42441633593750006 0.58826636875 0.42441633593750006 0.520930059375 0.3313707015625 0.520930059375 0.3313707015625 0.58826636875
1 0.3550413359375 0.524603175 0.4464533734375 0.524603175 0.4464533734375 0.45114583281250004 0.3550413359375 0.45114583281250004 0.3550413359375 0.524603175
1 0.4848131609375 0.495830853125 0.5843865734375 0.495830853125 0.5843865734375 0.4235987109375 0.4848131609375 0.4235987109375 0.4848131609375 0.495830853125
1 0.6504993390625 0.375853175 0.7108961640625 0.375853175 0.7108961640625 0.3274950390625 0.6504993390625 0.3274950390625 0.6504993390625 0.375853175
1 0.20812665312499998 0.5741852671875 0.2415889546875 0.5741852671875 0.2415889546875 0.5190935015625 0.20812665312499998 0.5190935015625 0.20812665312499998 0.5741852671875
0 0.236694775 0.5784697421875 0.3183118390625 0.5784697421875 0.3183118390625 0.521540178125 0.236694775 0.521540178125 0.236694775 0.5784697421875
0 0.2921924609375 0.6880419140625 0.366464946875 0.6880419140625 0.366464946875 0.6268291171875 0.2921924609375 0.6268291171875 0.2921924609375 0.6880419140625
0 0.44318617656250003 0.7266083828125 0.5321511250000001 0.7266083828125 0.5321511250000001 0.66233506875 0.44318617656250003 0.66233506875 0.44318617656250003 0.7266083828125
0 0.6439699078125 0.7064087296875 0.703549934375 0.7064087296875 0.703549934375 0.6525396828125001 0.6439699078125 0.6525396828125001 0.6439699078125 0.7064087296875
0 0.59907738125 0.654375 0.670902778125 0.654375 0.670902778125 0.5925496031249999 0.59907738125 0.5925496031249999 0.59907738125 0.654375
1 0.6039781750000001 0.5276636906250001 0.6643749999999999 0.5276636906250001 0.6643749999999999 0.4780803578125 0.6039781750000001 0.4780803578125 0.6039781750000001 0.5276636906250001