2 0.3869047625 0.322420634375 0.5621693125 0.322420634375 0.5621693125 0.1773313484375 0.3869047625 0.1773313484375 0.3869047625 0.322420634375
2 0.209986771875 0.40426587343750003 0.3455687828125 0.40426587343750003 0.3455687828125 0.29017857187499996 0.209986771875 0.29017857187499996 0.209986771875 0.40426587343750003
0 0.2761243390625 0.5171130953125 0.40674603125 0.5171130953125 0.40674603125 0.4203869046875 0.2761243390625 0.4203869046875 0.2761243390625 0.5171130953125
0 0.41793650781249997 0.6192869546875001 0.5376587296875 0.6192869546875001 0.5376587296875 0.530584078125 0.41793650781249997 0.530584078125 0.41793650781249997 0.6192869546875001
0 0.275722553125 0.624728421875 0.3867377640625 0.624728421875 0.3867377640625 0.53983506875 0.275722553125 0.53983506875 0.275722553125 0.624728421875
0 0.284427909375 0.7145200890625001 0.3816567453125 0.7145200890625001 0.3816567453125 0.638877728125 0.284427909375 0.638877728125 0.284427909375 0.7145200890625001
0 0.3976207015625 0.7286681546875 0.5086359125000001 0.7286681546875 0.5086359125000001 0.6464955359375 0.3976207015625 0.6464955359375 0.3976207015625 0.7286681546875
0 0.37440310781249997 0.7781907234375 0.470180225 0.7781907234375 0.470180225 0.7096217765625 0.37440310781249997 0.7096217765625 0.37440310781249997 0.7781907234375
0 0.3490062828125 0.8075756453125 0.41793816093749997 0.8075756453125 0.41793816093749997 0.7564223703125 0.3490062828125 0.7564223703125 0.3490062828125 0.8075756453125
0 0.296038359375 0.749346478125 0.3627910046875 0.749346478125 0.3627910046875 0.7128856640625 0.296038359375 0.7128856640625 0.296038359375 0.749346478125
1 0.4249338625 0.50967261875 0.5621693125 0.50967261875 0.5621693125 0.40426587343750003 0.4249338625 0.40426587343750003 0.4249338625 0.50967261875