2 0.5825410359375 0.44494152812500004 0.43264414218749997 0.4052158421875 0.4179961296875 0.5182585937499999 0.5678930234374999 0.557984278125 0.5825410359375 0.44494152812500004
2 0.2523113734375 0.47949810625 0.10011134531250002 0.4391620453125 0.0859933578125 0.54811445625 0.2381933859375 0.5884505171875001 0.2523113734375 0.47949810625
2 0.43447070156249995 0.39557825156250004 0.29471725625 0.35854078437500003 0.2802374453125 0.4702854921875 0.419990890625 0.5073229593749999 0.43447070156249995 0.39557825156250004
2 0.34598669375 0.6581953984375 0.21293234062500002 0.622933325 0.199267121875 0.728391590625 0.332321475 0.7636536640625 0.34598669375 0.6581953984375
0 0.0447212640625 0.6708189515625 0.17933433593749998 0.7064941171875 0.192004375 0.608715925 0.048420417187499995 0.5706632953125 0.0415691125 0.6235366984375 0.0447212640625 0.6708189515625
0 0.6180258859375 0.6371016578125 0.511774790625 0.6089429843749999 0.500553025 0.695544440625 0.6068041203125001 0.7237031140625 0.6180258859375 0.6371016578125
0 0.8758830921874999 0.3586899421875 0.7514448109375 0.3257113 0.739589365625 0.4172030515625 0.8640276468750001 0.45018169375 0.8758830921874999 0.3586899421875
2 0.9535770265625001 0.20229563750000001 0.8099930687500001 0.16424300625 0.7968705859375 0.2655128265625 0.9404545437499999 0.3035654578125 0.9535770265625001 0.20229563750000001
2 0.8246933875 0.24182279843750001 0.7222693578125 0.214678375 0.7104139125 0.3061701265625 0.8128379406249999 0.3333145484375 0.8246933875 0.24182279843750001
0 0.828902165625 0.5607910703125001 0.7073359078125 0.528573571875 0.69529955 0.6214614703125 0.8168658078125001 0.65367896875 0.828902165625 0.5607910703125001
0 0.7798397390625 0.7254953468750001 0.6668861046875 0.6955603671875 0.6563883140625 0.7765747140625 0.7693419484375 0.80650969375 0.7798397390625 0.7254953468750001
0 0.742838934375 0.629002128125 0.6480724875 0.60388711875 0.6384795828125001 0.6779182078125 0.73324603125 0.70303321875 0.742838934375 0.629002128125
0 1 0.5873531015625 0.9154920046875 0.5649567875 0.9022792296875 0.666923425 1 0.692821390625 1 0.5873531015625
0 1 0.7007691109375 0.8859684 0.6705484484374999 0.8740226609375 0.762737015625 1 0.7961235390625 1 0.7007691109375