0 0.3289236109375 0.08246031718749999 0.3878025796875 0.08246031718749999 0.3878025796875 0.0345337296875 0.3289236109375 0.0345337296875 0.3289236109375 0.08246031718749999
0 0.42006944375 0.07906497968750001 0.4738525125 0.07906497968750001 0.4738525125 0.03071180625 0.42006944375 0.03071180625 0.42006944375 0.07906497968750001
0 0.42233465625 0.119238590625 0.46630290937499996 0.119238590625 0.46630290937499996 0.080815971875 0.42233465625 0.080815971875 0.42233465625 0.119238590625
0 0.3634556875 0.1215004953125 0.41799272500000006 0.1215004953125 0.41799272500000006 0.080815971875 0.3634556875 0.080815971875 0.3634556875 0.1215004953125
2 0.5293320109375 0.4072395828125 0.562546296875 0.4072395828125 0.562546296875 0.38185763906250003 0.5293320109375 0.38185763906250003 0.5293320109375 0.4072395828125
2 0.47498511875 0.48733382968749994 0.5002728171874999 0.48733382968749994 0.5002728171874999 0.4663516859375 0.47498511875 0.4663516859375 0.47498511875 0.48733382968749994
0 0.5049900796875 0.410383184375 0.5297123015625 0.410383184375 0.5297123015625 0.39077256875 0.5049900796875 0.39077256875 0.5049900796875 0.410383184375
2 0.699740409375 0.2305158734375 0.735973875 0.2305158734375 0.735973875 0.2031001984375 0.699740409375 0.2031001984375 0.699740409375 0.2305158734375
2 0.6193501984374999 0.24918774843749997 0.651807209375 0.24918774843749997 0.651807209375 0.220509671875 0.6193501984374999 0.220509671875 0.6193501984374999 0.24918774843749997
2 0.628406084375 0.30803199375 0.65746693125 0.30803199375 0.65746693125 0.2820771328125 0.628406084375 0.2820771328125 0.628406084375 0.30803199375
0 0.6176504625 0.3343427578125 0.6525611765625 0.3343427578125 0.6525611765625 0.30967509843749996 0.6176504625 0.30967509843749996 0.6176504625 0.3343427578125
0 0.6533151453125 0.33773685468750003 0.678979828125 0.33773685468750003 0.678979828125 0.314346478125 0.6533151453125 0.314346478125 0.6533151453125 0.33773685468750003
0 0.6063260578125 0.294169146875 0.6318022484375 0.294169146875 0.6318022484375 0.2735838296875 0.6063260578125 0.2735838296875 0.6063260578125 0.294169146875
1 0.8356117718749999 0.07365699375 0.85901124375 0.07365699375 0.85901124375 0.05279141875 0.8356117718749999 0.05279141875 0.8356117718749999 0.07365699375
2 0.8752397484375001 0.21039682499999998 0.8959970234375 0.21039682499999998 0.8959970234375 0.19545634843749998 0.8752397484375001 0.19545634843749998 0.8752397484375001 0.21039682499999998
2 0.4345188484375 0.5984697421875 0.483093584375 0.5984697421875 0.483093584375 0.5608110125 0.4345188484375 0.5608110125 0.4345188484375 0.5984697421875
2 0.41685350468750004 0.5856498015625 0.4406994046875 0.5856498015625 0.4406994046875 0.5537450390624999 0.41685350468750004 0.5537450390624999 0.41685350468750004 0.5856498015625