0 0.4385411859375 0.43988552812500004 0.29423357499999997 0.4591080390625 0.313986796875 0.5674224015625 0.45829440625 0.5481998921875 0.4385411859375 0.43988552812500004
0 0.632163475 0.5624180156249999 0.49472834531250004 0.5807250749999999 0.513847709375 0.6855637609375 0.6512828374999999 0.6672567 0.632163475 0.5624180156249999
0 0.41601999687499996 0.6208728171875 0.3098892171875 0.635009978125 0.3245720796875 0.7155216515625 0.430702859375 0.7013844890625001 0.41601999687499996 0.6208728171875
1 0.29980098593750004 0.7211946953124999 0.224210940625 0.7312636765625 0.235619371875 0.793820415625 0.31120941874999997 0.7837514359375 0.29980098593750004 0.7211946953124999
1 0.23757591093750002 0.66303639375 0.165040303125 0.6726985078125 0.17581487812500002 0.73177956875 0.2483504875 0.7221174546875 0.23757591093750002 0.66303639375
0 0.3914893296875 0.7350860203125 0.30979041406249996 0.74596873125 0.3232055625 0.8195290468750001 0.404904478125 0.8086463328125 0.3914893296875 0.7350860203125
0 0.406004490625 0.8446900656249999 0.34186858125 0.8532332968749999 0.3516923703125 0.9071008390624999 0.41582827968749997 0.8985576078124999 0.406004490625 0.8446900656249999
0 0.29627615937499996 0.8777003546875 0.24435799062500002 0.88461611875 0.251329921875 0.9228458484375001 0.303248090625 0.915930084375 0.29627615937499996 0.8777003546875
0 0.8870307640625 0.74205405625 0.9718015171875001 0.730762159375 0.97570079375 0.643028434375 0.871502759375 0.6569081437500001 0.8870307640625 0.74205405625
0 0.747499803125 0.2385438765625 0.6703825421875 0.2488162890625 0.681790975 0.31137303125 0.7589082359375 0.30110061875 0.747499803125 0.2385438765625
0 0.8662094 0.1604362125 0.763133053125 0.17416650625000002 0.7774989875 0.25294034062500004 0.8805753328125 0.23921004531249998 0.8662094 0.1604362125
0 0.9255661671875 0.2391491515625 0.8327659703125001 0.2515106125 0.8455472593750001 0.32159524687499996 0.93834745625 0.3092337875 0.9255661671875 0.2391491515625
0 0.7047320578125 0.3213680953125 0.6505230640625 0.3285890109375 0.65918478125 0.376084471875 0.7133937765625 0.368863559375 0.7047320578125 0.3213680953125
0 0.8219281765625001 0.372205378125 0.7562650484375 0.38095204374999997 0.76524369375 0.4301853453125 0.830906821875 0.42143868125 0.8219281765625001 0.372205378125
0 0.49271745468750006 0.6640537937500001 0.42858154375 0.672597025 0.4379827625 0.724147446875 0.502118671875 0.715604215625 0.49271745468750006 0.6640537937500001
0 0.48100507031250006 0.767065903125 0.411523896875 0.7763211515624999 0.41902354218750004 0.817444534375 0.488504715625 0.8081892875 0.48100507031250006 0.767065903125
0 0.5493290546875 0.712875665625 0.5027525296875 0.7190798968750001 0.509513175 0.756151065625 0.5560897 0.7499468359375 0.5493290546875 0.712875665625