1 0.2540954203125 0.6334907171874999 0.13848126249999998 0.625521496875 0.12962773125 0.709797846875 0.24524188750000003 0.71776706875 0.2540954203125 0.6334907171874999
0 0.3743178640625 0.6797372828125 0.3222189265625 0.6761461296875 0.31805934062499996 0.7157410328125 0.370158278125 0.719332184375 0.3743178640625 0.6797372828125
1 0.24038253593749997 0.504027059375 0.1297612671875 0.49640199375 0.12118261875 0.5780617328125001 0.2318038875 0.5856868000000001 0.24038253593749997 0.504027059375
1 0.267410271875 0.5888573984375001 0.14786916249999998 0.5806174937499999 0.1423478125 0.6331749671875 0.261888921875 0.641414871875 0.267410271875 0.5888573984375001
1 0.3326435953125 0.4811052171875 0.239865471875 0.474710071875 0.23320688750000002 0.5380928218750001 0.32598500937499997 0.54448796875 0.3326435953125 0.4811052171875
1 0.38244786875000003 0.5338869890625 0.2918120375 0.5276395109375 0.2850436640625 0.592067334375 0.3756794953125 0.5983148140625001 0.38244786875000003 0.5338869890625
1 0.33370746093750003 0.429931578125 0.23629060625 0.4232166859375 0.231045240625 0.4731470703125 0.32846209531250004 0.47986196249999996 0.33370746093750003 0.429931578125
0 0.16897838437499998 0.1778084546875 0.0990397703125 0.172987625 0.0937930296875 0.22293110624999998 0.1637316421875 0.22775193749999997 0.16897838437499998 0.1778084546875
1 0.74429305 0.134498575 0.6450915328125 0.1276606671875 0.6369005859375 0.20562991249999998 0.7361021015625 0.21246782031250003 0.74429305 0.134498575
0 0.7029405796875 0.20786303906249998 0.61443661875 0.2017625078125 0.6070375796875 0.2721936078125 0.6955415390625 0.2782941390625 0.7029405796875 0.20786303906249998
0 0.702540615625 0.3240744203125 0.6254633515625 0.318761525 0.6194175468750001 0.3763112515625 0.6964948109375 0.3816241453125 0.702540615625 0.3240744203125
0 0.5997337046875 0.2461761546875 0.5446383406249999 0.24237845937500002 0.5385881343750001 0.29997009375 0.5936834984375 0.3037677890625 0.5997337046875 0.2461761546875
0 0.8257014015624999 0.0386950859375 0.72371525625 0.0316652359375 0.7147791765625 0.11672735625 0.8167653203125 0.1237572046875 0.8257014015624999 0.0386950859375
0 0.9681643718749999 0.2282078421875 0.8851116156250001 0.2224830609375 0.8787136062500001 0.28338540156250003 0.9617663625 0.289110184375 0.9681643718749999 0.2282078421875
0 0.8466278781250001 0.21642448593750002 0.791657509375 0.21263540625 0.7874596765625 0.2525943828125 0.84243004375 0.25638346093750003 0.8466278781250001 0.21642448593750002
0 1 0.0403993234375 0.95422034375 0.037243756249999996 0.9467459109374999 0.10839252343750001 1 0.1120633015625 1 0.0403993234375
0 0.9947949703125 0.14083021406250001 0.938630196875 0.13695880625 0.9344747375000001 0.1765144203125 0.9906395109374999 0.18038582812499998 0.9947949703125 0.14083021406250001
0 0.9365802437499999 0.3111548234375 0.8771273859375001 0.30705676875 0.872403446875 0.3520237140625 0.9318563046874999 0.3561217671875 0.9365802437499999 0.3111548234375
1 0.0645932328125 0.073154296875 0.0915749625 0.07501413125 0.0957791234375 0.0349949140625 0.06879739375 0.033135078125 0.0645932328125 0.073154296875
0 0.18604381875 0 0.1813144890625 0.0450182796875 0.262652025 0.0506248328125 0.26797034375 0 0.18604381875 0