0 0.3474421296875 0.495524553125 0.4793039015625 0.495524553125 0.4793039015625 0.39767485156250004 0.3474421296875 0.39767485156250004 0.3474421296875 0.495524553125
0 0.50651455 0.6232006453125 0.6320965609375 0.6232006453125 0.6320965609375 0.5284908234375 0.50651455 0.5284908234375 0.50651455 0.6232006453125
0 0.3327910046875 0.6273859125000001 0.42976851875 0.6273859125000001 0.42976851875 0.554652778125 0.3327910046875 0.554652778125 0.3327910046875 0.6273859125000001
1 0.2406994046875 0.6859920640625 0.309770171875 0.6859920640625 0.309770171875 0.6294791671875 0.2406994046875 0.6294791671875 0.2406994046875 0.6859920640625
1 0.1974421296875 0.6242485125 0.26372189218750003 0.6242485125 0.26372189218750003 0.5708754953125 0.1974421296875 0.5708754953125 0.1974421296875 0.6242485125
0 0.31465112500000003 0.718955853125 0.3893039015625 0.718955853125 0.3893039015625 0.6525024796875 0.31465112500000003 0.6525024796875 0.31465112500000003 0.718955853125
0 0.3258167984375 0.79953745 0.384421296875 0.79953745 0.384421296875 0.75087425625 0.3258167984375 0.75087425625 0.3258167984375 0.79953745
0 0.2337235453125 0.8016331843750001 0.281164021875 0.8016331843750001 0.281164021875 0.7670969734375 0.2337235453125 0.7670969734375 0.2337235453125 0.8016331843750001
0 0.8302347890625 0.7168650796875 0.9286078046874999 0.7168650796875 0.9286078046874999 0.6399454359375001 0.8302347890625 0.6399454359375001 0.8302347890625 0.7168650796875
0 0.7172106484375 0.31290922656250003 0.78767691875 0.31290922656250003 0.78767691875 0.2563963296875 0.7172106484375 0.2563963296875 0.7172106484375 0.31290922656250003
0 0.8120965609375 0.2726178078125 0.90628306875 0.2726178078125 0.90628306875 0.2014546125 0.8120965609375 0.2014546125 0.8120965609375 0.2726178078125
0 0.86163194375 0.34116319375000004 0.9551207015625 0.34116319375000004 0.9551207015625 0.277849703125 0.86163194375 0.277849703125 0.86163194375 0.34116319375000004
0 0.686516203125 0.3673263890625 0.736049934375 0.3673263890625 0.736049934375 0.32441964218749997 0.686516203125 0.32441964218749997 0.686516203125 0.3673263890625
0 0.7723280421875 0.427501240625 0.8323280421874999 0.427501240625 0.8323280421874999 0.383024553125 0.7723280421875 0.383024553125 0.7723280421875 0.427501240625
0 0.43255952343750004 0.6483172125000001 0.49116402187499997 0.6483172125000001 0.49116402187499997 0.601747271875 0.43255952343750004 0.601747271875 0.43255952343750004 0.6483172125000001
0 0.4004679234375 0.72837425625 0.4639566796875 0.72837425625 0.4639566796875 0.6912239578125 0.4004679234375 0.6912239578125 0.4004679234375 0.72837425625
0 0.49116402187499997 0.6849466765625001 0.5337235453125 0.6849466765625001 0.5337235453125 0.65145709375 0.49116402187499997 0.65145709375 0.49116402187499997 0.6849466765625001