1 0.484074434375 0.2229174484375 0.345094021875 0.214519615625 0.337481528125 0.3268799828125 0.4764619375 0.3352778140625 0.484074434375 0.2229174484375
1 0.40841971875 0 0.40060735000000003 0.1153105140625 0.5143198671875 0.12218154375000001 0.522278490625 0.0047123359375 0.44429142187500004 0 0.40841971875 0
1 0.6710907828125 0.21370408125 0.5340532484375 0.205423646875 0.526144121875 0.32216226875 0.6631816578125 0.3304427015625 0.6710907828125 0.21370408125
0 0.5996270828125 0.447482896875 0.4518984796875 0.438556459375 0.4448790671875 0.5421629390625 0.592607671875 0.5510893765625 0.5996270828125 0.447482896875
0 0.5627735859375 0.5881134343750001 0.44128606093749995 0.580772603125 0.43505754375 0.672705484375 0.5565450671875001 0.6800463156250001 0.5627735859375 0.5881134343750001
0 0.549315103125 0.7147749343750001 0.4511525953125 0.70884350625 0.4459127859375 0.7861830750000001 0.544075290625 0.7921145015625 0.549315103125 0.7147749343750001
0 0.53526208125 0.8069685984375001 0.45848171562499995 0.8023291765625 0.45383516406249996 0.87091223125 0.5306155312499999 0.8755516515625 0.53526208125 0.8069685984375001
0 0.4513009109375 0.706654378125 0.38618480312500003 0.702719765625 0.3819830203125 0.7647380609375001 0.4470991265625 0.768672675 0.4513009109375 0.706654378125
0 0.409921459375 0.5971957078125001 0.31759108125 0.5916166859375 0.312252453125 0.6704147953125 0.40458283125000005 0.6759938187500001 0.409921459375 0.5971957078125001
0 0.4610717453125 0.5336167578125 0.3609663609375 0.52756793125 0.3557265515625 0.6049074984375 0.455831934375 0.610956321875 0.4610717453125 0.5336167578125
1 0.228896765625 0.8492616406250001 0.16183428125 0.84520941875 0.1584728890625 0.8948235296875 0.2255353734375 0.898875753125 0.228896765625 0.8492616406250001
1 0.293410715625 0.574038028125 0.2214892875 0.5696922062499999 0.21802907968750002 0.6207648625 0.28995050624999996 0.6251106828124999 0.293410715625 0.574038028125
0 0.3507711734375 0.34673355625 0.287597940625 0.342916340625 0.2844343625 0.3896107390625 0.3476075953125 0.3934279546875 0.3507711734375 0.34673355625
0 0.16223711093749998 0.45035990625 0.0708799203125 0.4448396859375 0.0668264515625 0.504668853125 0.1581836421875 0.5101890734375 0.16223711093749998 0.45035990625
1 0.9054578671875 0.47253575000000003 0.8560002921875001 0.46954729687499996 0.8536286765625001 0.5045523296875001 0.9030862515625 0.5075407828125 0.9054578671875 0.47253575000000003
1 0.850915978125 0.4399986203125 0.801836475 0.4370330125 0.7992688265625 0.474931475 0.8483483296875001 0.4778970828125 0.850915978125 0.4399986203125