2 0.5692218734375001 0.3132429203125 0.41702341093750006 0.29320186875 0.40895484531250004 0.416346196875 0.56115330625 0.43638724843750004 0.5692218734375001 0.3132429203125
2 0.5098416546875 0.2170542171875 0.3818731 0.2002036875 0.3759078125 0.2912472953125 0.5038763671875001 0.3080978234375 0.5098416546875 0.2170542171875
1 0.7084983203124999 0.471044559375 0.5500018078125 0.4501741984375 0.542257196875 0.5683742421875 0.700753709375 0.589244603125 0.7084983203124999 0.471044559375
2 0.4418338484375 0.5876582515625 0.3759730984375 0.5789858999999999 0.37284039375 0.6267979593749999 0.43870114375 0.6354703125000001 0.4418338484375 0.5876582515625
1 0.31181849375000004 0.58018386875 0.2529526265625 0.5724325828125 0.24990537031249999 0.61894051875 0.3087712375 0.62669180625 0.31181849375000004 0.58018386875
0 0.7703391171875 0.649004390625 0.6285931625 0.6303396921875 0.6217680484375 0.7345061890625 0.7635140015624999 0.753170884375 0.7703391171875 0.649004390625
0 0.76351345625 0.7850792484375 0.6465980140625 0.7696841609375 0.6409863546875 0.855330628125 0.7579017968749999 0.870725715625 0.76351345625 0.7850792484375
0 0.6218003203125 0.752785903125 0.5490973234375 0.7432125828125 0.5455448390625001 0.797431425 0.6182478359375 0.8070047453125 0.6218003203125 0.752785903125
0 0.6352790640625 0.8340173375 0.552014059375 0.8230532437500001 0.5481275671875 0.8823697953125 0.631392571875 0.8933338890625 0.6352790640625 0.8340173375
0 0.2972187328125 0.6273158890625 0.23880746875 0.6196244625 0.23604444375 0.6617943984375 0.29445570781249997 0.669485825 0.2972187328125 0.6273158890625
0 0.468642846875 0.679801428125 0.42452331093750006 0.6739918953124999 0.42254974375 0.7041129234375 0.4666692796875 0.7099224578125 0.468642846875 0.679801428125
0 0.7111634640625 0.8524247265625 0.6353545828125 0.8424424328125 0.631771778125 0.8971240281249999 0.7075806609375 0.907106321875 0.7111634640625 0.8524247265625
0 0.38294259531249997 0.6199077234375 0.3245313296875 0.612216296875 0.3217379828125 0.6548489843749999 0.38014924843750003 0.6625404109375 0.38294259531249997 0.6199077234375
0 0.3300445609375 0.4993645625 0.2784689046875 0.49257322812500004 0.2761916515625 0.5273292140625 0.32776730781249996 0.534120546875 0.3300445609375 0.4993645625
1 0.748375871875 0.400612828125 0.69962736875 0.39419376562499997 0.6974642609374999 0.4272076203125 0.7462127656249999 0.4336266828125 0.748375871875 0.400612828125
1 1 0.5363251890625 0.9376668968749999 0.528117346875 0.9346486640625 0.574182328125 1 0.5827876015625 1 0.5363251890625
0 0.9560592140624999 0.6173376703125 0.8996886765625 0.6099149609375 0.8970675234375 0.64991960625 0.9534380609375 0.6573423171874999 0.9560592140624999 0.6173376703125
0 0.8589965749999999 0.5547322640625 0.8084429421875001 0.5480755078125 0.8057566078124999 0.5890749484375 0.8563102421875 0.5957317046874999 0.8589965749999999 0.5547322640625
2 0.8292799609375001 0.357937228125 0.7803423140625 0.3514932609375 0.7778400109375 0.3896840109375 0.8267776546875 0.396127978125 0.8292799609375001 0.357937228125