0 0.3104107453125 0.0120614125 0.3140280484375 0.048395625 0.37617681406250003 0.044040737499999996 0.372559509375 0.0077065250000000005 0.3104107453125 0.0120614125
0 0.4066182875 0.005319959375000001 0.4098779890625 0.038062204687500004 0.4666478578125 0.0340842265625 0.46338815625 0.00134198125 0.4066182875 0.005319959375000001
0 0.45886341093749994 0.0364950140625 0.41245341562500004 0.0397470546875 0.41650015781249994 0.0803947734375 0.462910153125 0.0771427328125 0.45886341093749994 0.0364950140625
0 0.40787035937500005 0.0400681984375 0.3503046515625 0.04410194375 0.354589621875 0.08714255625 0.41215532968749996 0.08310881249999999 0.40787035937500005 0.0400681984375
2 0.5921578671875001 0.34785186874999996 0.557099053125 0.350308509375 0.559772328125 0.3771603515625 0.594831140625 0.3747037109375 0.5921578671875001 0.34785186874999996
2 0.535325153125 0.44184502343750004 0.508633121875 0.4437153859375 0.5108430015625001 0.465912628125 0.53753503125 0.464042265625 0.535325153125 0.44184502343750004
0 0.5584393984375 0.3597115859375 0.53234425 0.361540125 0.5344096765625 0.3822864140625 0.5605048265625 0.380457875 0.5584393984375 0.3597115859375
2 0.7563895375 0.145915084375 0.7181438765625 0.148595034375 0.7210313484374999 0.1775983828125 0.759277009375 0.17491843437500001 0.7563895375 0.145915084375
2 0.6693823421875 0.17055801406249999 0.6351228578125 0.1729586453125 0.6381432874999999 0.20329750156249998 0.6724027703125001 0.20089687031249998 0.6693823421875 0.17055801406249999
2 0.6818407734374999 0.23527230625 0.65116605625 0.23742174375 0.6538996703125 0.2648796828125 0.6845743890625 0.26273024375 0.6818407734374999 0.23527230625
0 0.6795692515625 0.2648313484375 0.6427198 0.26741346250000003 0.64531784375 0.2935096546875 0.6821672953125 0.2909275390625 0.6795692515625 0.2648313484375
0 0.7079470390625 0.2678192390625 0.6808570890625 0.2697174859375 0.68332060625 0.294462428125 0.7104105578125 0.29256418125 0.7079470390625 0.2678192390625
0 0.6538562921875 0.22818539218749997 0.6269653015625 0.230069696875 0.6291333859375 0.251847134375 0.6560243765625 0.2499628296875 0.6538562921875 0.22818539218749997
2 0.9244943765625001 0.12599271875 0.902584365625 0.127527996875 0.904157925 0.14333369375 0.9260679359375 0.1417984140625 0.9244943765625001 0.12599271875
2 0.52714051875 0.54304523125 0.47586822343749996 0.5466379828125 0.4798345125 0.5864775734375 0.5311068062500001 0.582884821875 0.52714051875 0.54304523125
2 0.48164780937499996 0.5387056765625 0.456477646875 0.5404694 0.4598379171875 0.5742218046875001 0.485008078125 0.57245808125 0.48164780937499996 0.5387056765625