2 0.5832738671875 0.5084784953125 0.4093822953125 0.521244846875 0.42158099687500006 0.649376559375 0.59547256875 0.6366102062500001 0.5832738671875 0.5084784953125
1 0.5339502546875 0.32823796562499996 0.42252037500000006 0.33641865625 0.43070351406249996 0.4223720453125 0.54213339375 0.4141913546875 0.5339502546875 0.32823796562499996
0 0.8846359156249999 0.36324214375 0.7057788953124999 0.3763730390625 0.7188923468749999 0.5141130453125 0.8977493671874999 0.5009821515625 0.8846359156249999 0.36324214375
0 0.7394128421875 0.466911215625 0.64785484375 0.47363299999999997 0.65568239375 0.5558513765625 0.7472403937500001 0.549129590625 0.7394128421875 0.466911215625
0 0.3621550484375 0.415579725 0.25072516718750004 0.42376041718749996 0.25799355468749996 0.5001055062499999 0.36942343593750004 0.49192481718750003 0.3621550484375 0.415579725
0 0.417432378125 0.47065720625 0.3272940375 0.4772747671875 0.3336474328125 0.54400903125 0.4237857734375 0.537391471875 0.417432378125 0.47065720625
0 0.571645171875 0.6491128421875 0.4105305421875 0.6609411703125 0.4226275765625 0.7880050125 0.5837422046875 0.776176684375 0.571645171875 0.6491128421875
0 0.5858714265625 0.7684917578125 0.45882528125000005 0.7778189265625 0.46787258125 0.8728492062500001 0.594918725 0.8635220390624999 0.5858714265625 0.7684917578125
0 0.7820956796874999 0.6600043453125 0.683439378125 0.66724725625 0.691114428125 0.747863825 0.78977073125 0.740620915625 0.7820956796874999 0.6600043453125
0 0.6831870437500001 0.6721047812500001 0.5944683640624999 0.678618115625 0.6014317546875 0.7517596 0.6901504328125 0.7452462640624999 0.6831870437500001 0.6721047812500001
0 0.6737400140625 0.59538196875 0.565855921875 0.60330234375 0.573530971875 0.6839189140624999 0.681415065625 0.6759985390625001 0.6737400140625 0.59538196875