2 0.390887896875 0.40692088281250005 0.5425644843749999 0.40692088281250005 0.5425644843749999 0.28350074375 0.390887896875 0.28350074375 0.390887896875 0.40692088281250005
2 0.3501372359375 0.28693824375 0.477666996875 0.28693824375 0.477666996875 0.1956907234375 0.3501372359375 0.1956907234375 0.3501372359375 0.28693824375
1 0.5324388234375 0.5405443953125 0.690391865625 0.5405443953125 0.690391865625 0.4220796125 0.5324388234375 0.4220796125 0.5324388234375 0.5405443953125
2 0.368829365625 0.6207651296875001 0.43446428593749997 0.6207651296875001 0.43446428593749997 0.5728459828125 0.368829365625 0.5728459828125 0.368829365625 0.6207651296875001
1 0.246855159375 0.629042659375 0.3055191796875 0.629042659375 0.3055191796875 0.5824305562500001 0.246855159375 0.5824305562500001 0.246855159375 0.629042659375
0 0.6217542984375 0.695220734375 0.7630142203125 0.695220734375 0.7630142203125 0.5908209328125 0.6217542984375 0.5908209328125 0.6217542984375 0.695220734375
0 0.6485648140625 0.8127653765625 0.765079365625 0.8127653765625 0.765079365625 0.7269270828125001 0.6485648140625 0.7269270828125001 0.6485648140625 0.8127653765625
0 0.5505158734375 0.767720734375 0.6229695765625001 0.767720734375 0.6229695765625001 0.71338045625 0.5505158734375 0.71338045625 0.5505158734375 0.767720734375
0 0.5585664687499999 0.8517832343749999 0.641545965625 0.8517832343749999 0.641545965625 0.7923338296875 0.5585664687499999 0.7923338296875 0.5585664687499999 0.8517832343749999
0 0.23593419375 0.673438740625 0.294145171875 0.673438740625 0.294145171875 0.6311743546875 0.23593419375 0.6311743546875 0.23593419375 0.673438740625
0 0.4229497359375 0.6910863093749999 0.46691798906250004 0.6910863093749999 0.46691798906250004 0.6608978171875 0.4229497359375 0.6608978171875 0.4229497359375 0.6910863093749999
0 0.6421660046875 0.8554997515625 0.7177149468749999 0.8554997515625 0.7177149468749999 0.800695684375 0.6421660046875 0.800695684375 0.6421660046875 0.8554997515625
0 0.32015377031250003 0.6553249015625 0.3783647484375 0.6553249015625 0.3783647484375 0.6125967265625001 0.32015377031250003 0.6125967265625001 0.32015377031250003 0.6553249015625
0 0.26689649531250004 0.5345721718750001 0.3182953046875 0.5345721718750001 0.3182953046875 0.49973834375 0.26689649531250004 0.49973834375 0.26689649531250004 0.5345721718750001
1 0.6766517859375 0.3799640375 0.725233134375 0.3799640375 0.725233134375 0.346876240625 0.6766517859375 0.346876240625 0.6766517859375 0.3799640375
1 0.9205158734375001 0.49497395781250003 0.9856547625 0.49497395781250003 0.9856547625 0.44880580312499996 0.9205158734375001 0.44880580312499996 0.9205158734375001 0.49497395781250003
0 0.8882870374999999 0.575148809375 0.9444642859375 0.575148809375 0.9444642859375 0.5350545640625 0.8882870374999999 0.5350545640625 0.8882870374999999 0.575148809375
0 0.7941286375 0.5266369046875 0.844508928125 0.5266369046875 0.844508928125 0.48554563437500003 0.7941286375 0.48554563437500003 0.7941286375 0.5266369046875
2 0.753637565625 0.3321614578125 0.8024074078125001 0.3321614578125 0.8024074078125001 0.29388516875000004 0.753637565625 0.29388516875000004 0.753637565625 0.3321614578125