0 0.6603789671875 0.6859407203125001 0.5542803796875 0.6781594796875 0.5469277609375001 0.7618396421875 0.6530263484375001 0.7696208828125 0.6603789671875 0.6859407203125001
0 0.47452305156249996 0.6924363875 0.398369746875 0.686851325 0.39223769218750004 0.7566402390625 0.468390996875 0.7622253 0.47452305156249996 0.6924363875
0 0.5003345953125 0.6188463390625001 0.4238112125 0.6132341359375 0.4182610109375 0.6764009890625 0.49478439375 0.68201319375 0.5003345953125 0.6188463390625001
0 0.5997668328125 0.613557290625 0.5247237671875 0.6080536515625 0.5194411984375 0.66817456875 0.5944842640625 0.6736782046875 0.5997668328125 0.613557290625
0 0.710233696875 0.6012566578125 0.6185543625000001 0.5945329218750001 0.611929515625 0.6699303125 0.70360885 0.67665405 0.710233696875 0.6012566578125
0 0.8128303359375 0.69544350625 0.7218911593749999 0.6887740531250001 0.7154165703124999 0.7624613546875 0.806355746875 0.7691308078125 0.8128303359375 0.69544350625
0 0.8685926890625 0.42499087500000005 0.775803115625 0.41818571406249994 0.769862653125 0.4857941296875 0.8626522265625001 0.492599290625 0.8685926890625 0.42499087500000005
0 0.9292951281249999 0.3693346359375 0.8353953171875 0.36244805 0.8299640890625 0.424260865625 0.9238639 0.43114745 0.9292951281249999 0.3693346359375
0 0.704046475 0.22281345625 0.5872294250000001 0.214246125 0.5794255749999999 0.303061765625 0.6962426234375 0.31162909375000003 0.704046475 0.22281345625
0 0.44743794687499994 0.3147047859375 0.386810675 0.31025839843749997 0.3828665046875 0.35514701875 0.44349377656250005 0.35959340625 0.44743794687499994 0.3147047859375
0 0.2325179328125 0.1353938046875 0.1205049953125 0.1271788078125 0.113899328125 0.202357890625 0.22591226875 0.2105728875 0.2325179328125 0.1353938046875
0 0.2080963375 0.71818839375 0.1570807484375 0.7144469250000001 0.1536718453125 0.7532436640625 0.2046874328125 0.7569851328125 0.2080963375 0.71818839375
0 0.24729736562500002 0.7378376890625 0.2066336171875 0.7348554203125001 0.20342064375 0.7714222859375 0.244084390625 0.774404553125 0.24729736562500002 0.7378376890625
0 0.152945675 0.71917751875 0.10562741875 0.7157072125 0.1028042484375 0.7478377125 0.1501225046875 0.7513080203125 0.152945675 0.71917751875
0 0.1021436734375 0.704546978125 0.043173114062500004 0.70022209375 0.0393004171875 0.74429725 0.09827097812499999 0.7486221343749999 0.1021436734375 0.704546978125
0 0.7147989406249999 0.398893903125 0.6486273984375 0.3940409015625 0.6443909296875 0.442256146875 0.710562471875 0.4471091484375 0.7147989406249999 0.398893903125