2 0.413656509375 0.6090820390625 0.2917722578125 0.6372265953125 0.315854240625 0.7279937015625 0.437738490625 0.699849146875 0.413656509375 0.6090820390625
2 0.5563283546875 0.5732551890625001 0.43905333124999996 0.6003354187500001 0.46416430000000003 0.6949808625 0.581439321875 0.6679006328125 0.5563283546875 0.5732551890625001
2 0.279552521875 0.5276622734374999 0.1515258265625 0.55722519375 0.175402396875 0.6472180843750001 0.30342909375 0.6176551640625 0.279552521875 0.5276622734374999
2 0.3070211328125 0.4509260484375 0.20203738750000003 0.4751680703125 0.2194300015625 0.5407223625 0.324413746875 0.5164803390625 0.3070211328125 0.4509260484375
2 0.7020648 0.446566671875 0.6559757 0.45720920625000006 0.6652378515625 0.49211907187500004 0.7113269515625 0.4814765375 0.7020648 0.446566671875
2 0.5959807406250001 0.698298446875 0.49411134062500006 0.7218213296875 0.516752871875 0.8071592484375 0.6186222703124999 0.7836363656249999 0.5959807406250001 0.698298446875
0 0.424429775 0.793075025 0.33224838125 0.8143608296875 0.3510820890625 0.8853467265624999 0.4432634828125 0.864060921875 0.424429775 0.793075025
0 0.46852301562500004 0.7400803765624999 0.3947785390625 0.757108871875 0.4085693828125 0.8090877750000001 0.48231385937500004 0.792059278125 0.46852301562500004 0.7400803765624999
2 0.6308318421875 0.119667884375 0.569525578125 0.133824246875 0.5849173515625 0.1918371921875 0.6462236140625001 0.1776808296875 0.6308318421875 0.119667884375
2 0.7359598765625 0.0795706875 0.6541500484375 0.098461571875 0.6696265546875 0.1567938828125 0.7514363828125 0.1379029984375 0.7359598765625 0.0795706875
2 0.7780656640625 0.13165512031249998 0.7022002406250001 0.14917336875 0.7159788875 0.2011063015625 0.7918443109375 0.18358805312499998 0.7780656640625 0.13165512031249998
1 0.92804016875 0.334987496875 0.8762622 0.346943659375 0.885535265625 0.3818946578125 0.9373132343749999 0.3699384953125 0.92804016875 0.334987496875
2 0.9293881109375001 0.27861161874999996 0.8777570765625 0.290533853125 0.888375590625 0.3305559640625 0.940006625 0.31863372968750003 0.9293881109375001 0.27861161874999996
2 0.8615985265624999 0.3206463703125 0.8160907703125 0.3311546640625 0.8248599343749999 0.3642064140625 0.870367690625 0.3536981203125 0.8615985265624999 0.3206463703125
2 0.7719895875 0.376178596875 0.7299028203125 0.38589694375 0.737241803125 0.41355821718749997 0.779328571875 0.403839871875 0.7719895875 0.376178596875
2 0.773843725 0.42478741875 0.721589821875 0.4368534796875 0.73139118125 0.47379566406249995 0.783645084375 0.46172960312500005 0.773843725 0.42478741875
0 0.9248870968749999 0.3887696328125 0.8719240796875001 0.4009994359375 0.8807445968750001 0.4342447421875 0.9337076140624999 0.4220149375 0.9248870968749999 0.3887696328125
0 0.8615381703124999 0.42050591875 0.8220514796874999 0.429623875 0.8298243953125001 0.458920678125 0.8693110859375001 0.4498027203125 0.8615381703124999 0.42050591875
0 0.6880869281249999 0.28718382187499997 0.6367210125 0.29904483437499996 0.6462161796875 0.334832953125 0.6975820953125 0.3229719390625 0.6880869281249999 0.28718382187499997
0 0.7156067671875 0.2043992234375 0.6558624671875 0.21819490937500002 0.666936096875 0.25993239218749997 0.726680396875 0.24613670625 0.7156067671875 0.2043992234375
0 0.7720719515625001 0.782931709375 0.6865568515625 0.8026781843749999 0.7045592828125 0.8705309281250001 0.79007438125 0.8507844531250001 0.7720719515625001 0.782931709375
0 0.8171129046875001 0.1979760328125 0.755397784375 0.2122268046875 0.7661478890625 0.2527448984375 0.8278630109374999 0.23849412656250002 0.8171129046875001 0.1979760328125
0 0.8937483265624999 0.1943224578125 0.8334322625 0.20825016875000002 0.8440398625000001 0.24823114999999998 0.9043559265625 0.2343034375 0.8937483265624999 0.1943224578125
0 0.85536194375 0.234073875 0.7992366703125 0.2470338828125 0.8091221203125001 0.2842930125 0.86524739375 0.2713330046875 0.85536194375 0.234073875