2 0.43535052968750004 0.6158742562499999 0.60628306875 0.6158742562499999 0.60628306875 0.49029141875000004 0.43535052968750004 0.49029141875000004 0.43535052968750004 0.6158742562499999
1 0.4653521828125 0.395581596875 0.5748859125 0.395581596875 0.5748859125 0.3113380453125 0.4653521828125 0.3113380453125 0.4653521828125 0.395581596875
0 0.738144840625 0.5054662703125 0.9139583328124999 0.5054662703125 0.9139583328124999 0.3704662703125 0.738144840625 0.3704662703125 0.738144840625 0.5054662703125
0 0.6725628312499999 0.5415736609375 0.76256283125 0.5415736609375 0.76256283125 0.46099082343750003 0.6725628312499999 0.46099082343750003 0.6725628312499999 0.5415736609375
0 0.28953538437500004 0.45889880937500005 0.3990691140625 0.45889880937500005 0.3990691140625 0.3840724203125 0.28953538437500004 0.3840724203125 0.28953538437500004 0.45889880937500005
0 0.35930555625 0.5070362109375 0.44791005312500004 0.5070362109375 0.44791005312500004 0.4416294640625 0.35930555625 0.4416294640625 0.35930555625 0.5070362109375
0 0.42348875625 0.7508767359374999 0.581861771875 0.7508767359374999 0.581861771875 0.6263405265624999 0.42348875625 0.6263405265624999 0.42348875625 0.7508767359374999
0 0.45977017187499997 0.8366889875 0.5846544312499999 0.8366889875 0.5846544312499999 0.7435491078124999 0.45977017187499997 0.7435491078124999 0.45977017187499997 0.8366889875
0 0.68930555625 0.7309920640625001 0.78628306875 0.7309920640625001 0.78628306875 0.6519791671874999 0.68930555625 0.6519791671874999 0.68930555625 0.7309920640625001
0 0.601398809375 0.7283754953125 0.6886078046875 0.7283754953125 0.6886078046875 0.6566889875 0.601398809375 0.6566889875 0.601398809375 0.7283754953125
0 0.5804679234375001 0.6603521828125001 0.686516203125 0.6603521828125001 0.686516203125 0.5813392859375 0.5804679234375001 0.5813392859375 0.5804679234375001 0.6603521828125001