1 0.1740079359375 0.77362103125 0.28412037031250004 0.77362103125 0.28412037031250004 0.69381944375 0.1740079359375 0.69381944375 0.1740079359375 0.77362103125
0 0.35277281718750003 0.7669977671875 0.4023925265625 0.7669977671875 0.4023925265625 0.7295052078125 0.35277281718750003 0.7295052078125 0.35277281718750003 0.7669977671875
1 0.1529365078125 0.6503236609374999 0.2582936515625 0.6503236609374999 0.2582936515625 0.5729997515624999 0.1529365078125 0.5729997515624999 0.1529365078125 0.6503236609374999
1 0.178424271875 0.7007638890625 0.2922767859375 0.7007638890625 0.2922767859375 0.6509970234375 0.178424271875 0.6509970234375 0.178424271875 0.7007638890625
1 0.2548925265625 0.60548983125 0.34325562187499997 0.60548983125 0.34325562187499997 0.5454724703125 0.2548925265625 0.5454724703125 0.2548925265625 0.60548983125
1 0.3092691796875 0.6528720234375001 0.39559193125 0.6528720234375001 0.39559193125 0.5918650796875 0.3092691796875 0.5918650796875 0.3092691796875 0.6528720234375001
1 0.24639715624999997 0.544574653125 0.339178240625 0.544574653125 0.339178240625 0.4972953875 0.24639715624999997 0.4972953875 0.24639715624999997 0.544574653125
0 0.0917609125 0.31824156718749996 0.1583713625 0.31824156718749996 0.1583713625 0.2709499015625 0.0917609125 0.2709499015625 0.0917609125 0.31824156718749996
1 0.603586309375 0.26678323437499996 0.6980671296875001 0.26678323437499996 0.6980671296875001 0.19295386875 0.603586309375 0.19295386875 0.603586309375 0.26678323437499996
0 0.5819609781249999 0.3312946421875 0.66625330625 0.3312946421875 0.66625330625 0.264603175 0.5819609781249999 0.264603175 0.5819609781249999 0.3312946421875
0 0.604009590625 0.42837301562499996 0.67741898125 0.42837301562499996 0.67741898125 0.37387896875000004 0.604009590625 0.37387896875000004 0.604009590625 0.42837301562499996
0 0.51999669375 0.36184275781249997 0.5724702374999999 0.36184275781249997 0.5724702374999999 0.307309028125 0.51999669375 0.307309028125 0.51999669375 0.36184275781249997
0 0.6683945109375 0.178159721875 0.765527446875 0.178159721875 0.765527446875 0.0976140875 0.6683945109375 0.0976140875 0.6683945109375 0.178159721875
0 0.8399603171875001 0.324211309375 0.919060846875 0.324211309375 0.919060846875 0.266542659375 0.8399603171875001 0.266542659375 0.8399603171875001 0.324211309375
0 0.7506150796875 0.301178075 0.8029695765625 0.301178075 0.8029695765625 0.2633407734375 0.7506150796875 0.2633407734375 0.7506150796875 0.301178075
0 0.8869064156249999 0.155292659375 0.9691385578125 0.155292659375 0.9691385578125 0.0879216265625 0.8869064156249999 0.0879216265625 0.8869064156249999 0.155292659375
0 0.8820701062499999 0.22012896875000001 0.93556216875 0.22012896875000001 0.93556216875 0.1826736109375 0.8820701062499999 0.1826736109375 0.8820701062499999 0.22012896875000001
0 0.8408118390625001 0.389146825 0.897435515625 0.389146825 0.897435515625 0.3465674609375 0.8408118390625001 0.3465674609375 0.8408118390625001 0.389146825
1 0.0317361109375 0.1793291171875 0.07497023750000001 0.1793291171875 0.07497023750000001 0.141434771875 0.0317361109375 0.141434771875 0.0317361109375 0.1793291171875
0 0.15684523749999998 0.1453149796875 0.23431216875 0.1453149796875 0.23431216875 0.0898983140625 0.15684523749999998 0.0898983140625 0.15684523749999998 0.1453149796875
0 0.039211309374999996 0.0922123015625 0.1303852515625 0.0922123015625 0.1303852515625 0.026061507812500002 0.039211309374999996 0.026061507812500002 0.039211309374999996 0.0922123015625
0 0.005737434375 0.118495784375 0.053237434375 0.118495784375 0.053237434375 0.081290921875 0.005737434375 0.081290921875 0.005737434375 0.118495784375