1 0.3831146078125 0.33293762656250003 0.2532476953125 0.3481799828125 0.280457725 0.4562222703125 0.41032463906250005 0.440979915625 0.3831146078125 0.33293762656250003
1 0.351726609375 0.1192049140625 0.24547067031249997 0.131676071875 0.273917896875 0.24463086562499997 0.3801738359375 0.23215970625 0.351726609375 0.1192049140625
1 0.5516266546875 0.2929338734375 0.42357521406250004 0.3079631484375 0.45184551562499997 0.42021543437500003 0.57989695625 0.405186159375 0.5516266546875 0.2929338734375
0 0.557285378125 0.5270228703125001 0.41924392343749994 0.5432246640625 0.444334046875 0.642849484375 0.582375503125 0.6266476921875 0.557285378125 0.5270228703125001
0 0.566310028125 0.6668147703125 0.452788921875 0.680138634375 0.47505208125 0.7685384765625 0.5885731843750001 0.7552146140625 0.566310028125 0.6668147703125
0 0.59251571875 0.78942350625 0.500790115625 0.800189253125 0.5195192468750001 0.8745566140625 0.6112448484375 0.8637908671875 0.59251571875 0.78942350625
0 0.6076906328125 0.8793785656249999 0.5359450578125 0.8877992734375001 0.5525536453125001 0.9537466390624999 0.6242992187499999 0.9453259296875001 0.6076906328125 0.8793785656249999
0 0.5002599812499999 0.7980842546875 0.4394137921875 0.8052257125000001 0.45443260937499996 0.8648606078125001 0.515278796875 0.8577191484375 0.5002599812499999 0.7980842546875
0 0.429054 0.7009854171875001 0.34277809062500003 0.7111115359375 0.3618604328125 0.7868813875 0.4481363421875 0.7767552671875 0.429054 0.7009854171875001
0 0.456567234375 0.6320228328125 0.36302615781249997 0.643001659375 0.3817552890625 0.7173690203125 0.47529636562500005 0.7063901921875 0.456567234375 0.6320228328125
1 0.3472780125 1 0.339913625 0.9707583874999999 0.27724869375 0.9781133125 0.282760771875 1 0.3472780125 1
1 0.315279875 0.6984477625000001 0.24807462343750003 0.706335578125 0.2604427609375 0.7554454796875001 0.3276480140625 0.7475576640625 0.315279875 0.6984477625000001
0 0.2986716671875 0.4728675296875 0.23964095625 0.47979590781250003 0.250948821875 0.5246958109375 0.309979534375 0.5177674328124999 0.2986716671875 0.4728675296875
0 0.1574926 0.6028407046875001 0.0721260640625 0.61286009375 0.08661474531249999 0.670389990625 0.1719812828125 0.6603706015624999 0.1574926 0.6028407046875001
1 0.8450613765625 0.4997277234375 0.7988469296875 0.50515186875 0.8073240109375 0.5388116359375 0.8535384593750001 0.533387490625 0.8450613765625 0.4997277234375
1 0.785199884375 0.47792281562500005 0.7393387171875 0.4833054953125 0.7485164953125001 0.5197474984375 0.7943776609375 0.5143648187500001 0.785199884375 0.47792281562500005