2 0.2412109375 0.61639824375 0.2783203125 0.5900439234375 0.2919921875 0.5666178625 0.2958984375 0.541727671875 0.3095703125 0.50219619375 0.30859375 0.4714494875 0.296875 0.42459736406250004 0.271484375 0.3777452421875 0.2470703125 0.36896046875 0.205078125 0.37628111249999996 0.189453125 0.38799414374999996 0.177734375 0.4055636890625 0.1650390625 0.439238653125 0.162109375 0.477306003125 0.1640625 0.5373352859375 0.1796875 0.5812591515625 0.193359375 0.598828696875 0.21875 0.61639824375 0.2412109375 0.61639824375
2 0.1376953125 0.41142020468749996 0.1513671875 0.41727672031249996 0.158203125 0.43338213750000004 0.1650390625 0.43484626718749997 0.1708984375 0.41581259218750005 0.1861982421875 0.3899458265625 0.2041015625 0.3733528546875 0.21875 0.3674963390625 0.2216796875 0.35578330937499997 0.21875 0.31918008750000004 0.1943359375 0.27672035156249997 0.1650390625 0.248901903125 0.1435546875 0.24158125937500002 0.1220703125 0.247437775 0.1025390625 0.260614934375 0.08203125 0.2898975109375 0.0712890625 0.323572475 0.0703125 0.361639825 0.07421875 0.3806735 0.0859375 0.4099560765625 0.103515625 0.4304538796875 0.1328125 0.420204978125 0.1376953125 0.41142020468749996
2 0 0.6691068812500001 0.0087890625 0.686676428125 0.0224609375 0.70717423125 0.0361328125 0.7174231328125 0.0693359375 0.7188872625 0.0927734375 0.7086383609375 0.1201171875 0.6852122984375 0.138671875 0.65446559375 0.1513671875 0.6134699859375 0.154296875 0.5856515375 0.1513671875 0.5387994140625 0.1376953125 0.5461200578125001 0.0966796875 0.515373353125 0.0888671875 0.5007320640625 0.083984375 0.469985359375 0.080078125 0.46559297187500004 0.052734375 0.47437774531250004 0.0244140625 0.5007320640625 0 0.541727671875 0 0.6691068812500001
2 0.412109375 0.6910688140625 0.431640625 0.6793557828125001 0.458984375 0.6456808203125 0.4716796875 0.617862371875 0.470703125 0.568081990625 0.458984375 0.534407028125 0.4423828125 0.5095168375 0.4189453125 0.5007320640625 0.392578125 0.47877013125 0.361328125 0.47584187343749995 0.341796875 0.48316251875000005 0.3125 0.508052709375 0.302734375 0.5256222546875 0.2958984375 0.5519765734375001 0.294921875 0.5871156656250001 0.2998046875 0.6193265 0.3310546875 0.6515373359375001 0.345703125 0.682284040625 0.36328125 0.6925329421875001 0.412109375 0.6910688140625
2 0.3349609375 0.8477306 0.3525390625 0.7979502203125 0.357421875 0.7379209375 0.3369140625 0.667642753125 0.3076171875 0.629575403125 0.28125 0.6134699859375 0.251953125 0.61639824375 0.2353515625 0.625183015625 0.2236328125 0.6398243046875 0.2041015625 0.6691068812500001 0.19140625 0.7291361640625 0.193359375 0.78330893125 0.2177734375 0.8491947296875001 0.2548828125 0.8799414343749999 0.287109375 0.8828696921875 0.3134765625 0.8682284046875001 0.3349609375 0.8477306
2 0.201171875 0.8067349921875 0.19140625 0.7715959 0.19140625 0.7232796484375 0.1982421875 0.6837481703125 0.2138671875 0.648609078125 0.208984375 0.6398243046875 0.19921875 0.6354319187499999 0.1728515625 0.636896046875 0.1484375 0.648609078125 0.115234375 0.6925329421875001 0.103515625 0.7203513906250001 0.1025390625 0.7408491953125 0.1083984375 0.7715959 0.125 0.8111273796875 0.15625 0.8257686671875 0.189453125 0.8184480234375 0.201171875 0.8067349921875
2 0.498046875 0.46705710156249997 0.5244140625 0.41142020468749996 0.529296875 0.382137628125 0.529296875 0.34699853593749996 0.515625 0.2972181546875 0.498046875 0.27379209375 0.470703125 0.2635431921875 0.4345703125 0.26500732031249996 0.396484375 0.2913616390625 0.375 0.32650073281249997 0.369140625 0.363103953125 0.37109375 0.41874084843750004 0.390625 0.4685212296875 0.4150390625 0.4948755484375 0.4375 0.503660321875 0.466796875 0.496339678125 0.498046875 0.46705710156249997
2 0.423828125 0.6852122984375 0.453125 0.65446559375 0.4716796875 0.617862371875 0.470703125 0.568081990625 0.458984375 0.534407028125 0.4423828125 0.5095168375 0.41796875 0.5007320640625 0.392578125 0.47877013125 0.357421875 0.477306003125 0.3203125 0.5007320640625 0.306640625 0.51683748125 0.294921875 0.5578330890625 0.2998046875 0.6193265 0.33203125 0.6530014640624999 0.3466796875 0.6837481703125 0.3642578125 0.6925329421875001 0.39453125 0.6939970718749999 0.423828125 0.6852122984375
2 0.591796875 0.5695461203125001 0.615234375 0.5461200578125001 0.630859375 0.5183016109375 0.6494140625 0.450951684375 0.6484375 0.41142020468749996 0.6396484375 0.38360175625 0.6142578125 0.34846266406250004 0.6015625 0.336749634375 0.578125 0.332357246875 0.5322265625 0.36896046875 0.52734375 0.4055636890625 0.515625 0.439238653125 0.490234375 0.47877013125 0.48828125 0.49780380625 0.494140625 0.5300146406249999 0.509765625 0.560761346875 0.53515625 0.5827232796875 0.568359375 0.5841874078125 0.591796875 0.5695461203125001
2 0.541015625 0.68814055625 0.564453125 0.724743778125 0.57421875 0.70717423125 0.583984375 0.6734992671875 0.5859375 0.6237188875 0.580078125 0.6032210828125 0.5634765625 0.5871156656250001 0.544921875 0.5871156656250001 0.5224609375 0.5768667640625 0.4931640625 0.5387994140625 0.4765625 0.5431918015625 0.46875 0.5563689609375 0.47265625 0.5695461203125001 0.4736328125 0.61639824375 0.4609375 0.6471449484375 0.4833984375 0.6456808203125 0.5068359375 0.655929721875 0.541015625 0.68814055625
2 0.3173828125 0.427525621875 0.3349609375 0.412884334375 0.3525390625 0.3777452421875 0.365234375 0.28550512499999997 0.3388671875 0.27672035156249997 0.3154296875 0.2840409953125 0.28515625 0.248901903125 0.244140625 0.237188871875 0.228515625 0.2635431921875 0.2216796875 0.3001464125 0.220703125 0.34553440625 0.228515625 0.36456808125 0.2666015625 0.3718887265625 0.28125 0.3865300140625 0.3017578125 0.427525621875 0.3173828125 0.427525621875
2 0.5458984375 0.85505124375 0.5625 0.8374816984375 0.568359375 0.8243045390624999 0.57421875 0.7862371890625 0.5693359375 0.7481698390625 0.5625 0.72620790625 0.5458984375 0.6969253296875 0.5087890625 0.65739385 0.478515625 0.6471449484375 0.458984375 0.6530014640624999 0.4365234375 0.682284040625 0.4345703125 0.6954612 0.4208984375 0.7203513906250001 0.4189453125 0.7554904828125 0.4248046875 0.7877013171875 0.4580078125 0.8360175703125 0.4931640625 0.8579795015625 0.52734375 0.8623718890625 0.5458984375 0.85505124375
2 0.669921875 0.7042459734375 0.69140625 0.713030746875 0.705078125 0.7364568078125 0.7109375 0.7379209375 0.7236328125 0.6969253296875 0.724609375 0.6515373359375001 0.7138671875 0.598828696875 0.6953125 0.560761346875 0.673828125 0.5475841875 0.642578125 0.5475841875 0.6220703125 0.560761346875 0.6005859375 0.59736456875 0.5849609375 0.65007320625 0.5849609375 0.6837481703125 0.5908203125 0.7174231328125 0.6064453125 0.743777453125 0.619140625 0.732064421875 0.646484375 0.727672034375 0.669921875 0.7042459734375
2 0.8896484375 0.7686676421875 0.9052734375 0.7203513906250001 0.90625 0.6983894578125 0.9013671875 0.6734992671875 0.8857421875 0.6339677890625001 0.8681640625 0.6120058562499999 0.8408203125 0.6032210828125 0.8193359375 0.6076134703125 0.7822265625 0.6281112734375001 0.759765625 0.6588579796875 0.7509765625 0.6808199125 0.7490234375 0.714494875 0.755859375 0.7540263546875 0.7890625 0.7979502203125 0.8388671875 0.8052708640624999 0.8642578125 0.796486090625 0.8896484375 0.7686676421875
2 0.798828125 0.61639824375 0.8134765625 0.5959004390625 0.8212890625 0.5622254765625 0.8212890625 0.5183016109375 0.8076171875 0.472913615625 0.78125 0.4816983890625 0.7626953125 0.47877013125 0.7301435546875 0.4592489015625 0.7216796875 0.446559296875 0.712890625 0.44509516875 0.6982421875 0.4626647140625 0.69140625 0.4948755484375 0.6943359375 0.5519765734375001 0.7119140625 0.591508053125 0.7255859375 0.6090775984375 0.7431640625 0.6222547578125 0.775390625 0.6281112734375001 0.798828125 0.61639824375
2 0.80859375 0.4685212296875 0.828125 0.450951684375 0.841796875 0.42459736406250004 0.8505859375 0.3923865296875 0.853515625 0.3660322109375 0.8505859375 0.3030746703125 0.8408203125 0.27379209375 0.833984375 0.2693997078125 0.818359375 0.2957540265625 0.7998046875 0.3001464125 0.771484375 0.2708638359375 0.7626953125 0.2693997078125 0.7470703125 0.27818447968750004 0.736328125 0.275256221875 0.7197265625 0.247437775 0.7021484375 0.27379209375 0.693359375 0.3221083453125 0.693359375 0.36456808125 0.7041015625 0.4055636890625 0.73046875 0.45827232812499996 0.7412109375 0.4685212296875 0.7783203125 0.4802342609375 0.80859375 0.4685212296875
2 0.9580078125 0.636896046875 0.98046875 0.61639824375 0.9990234375 0.5768667640625 0.9990234375 0.5095168375 0.990234375 0.47877013125 0.9736328125 0.4538799421875 0.95703125 0.44216691093750005 0.9296875 0.4377745234375 0.896484375 0.45241581249999996 0.875 0.4860907765625 0.8681640625 0.5183016109375 0.8681640625 0.5578330890625 0.8740234375 0.5885797953125 0.888671875 0.6193265 0.916015625 0.6383601750000001 0.9443359375 0.6412884328125 0.9580078125 0.636896046875
2 0.8125 0.4714494875 0.8359375 0.4860907765625 0.865234375 0.4875549046875 0.875 0.4816983890625 0.904296875 0.431918009375 0.904296875 0.4143484625 0.9130859375 0.374816984375 0.912109375 0.3572474375 0.90625 0.3294289890625 0.8837890625 0.2913616390625 0.87109375 0.27818447968750004 0.849609375 0.2693997078125 0.837890625 0.2708638359375 0.84765625 0.2898975109375 0.853515625 0.3206442171875 0.8525390625 0.3792093703125 0.8408203125 0.42459736406250004 0.82421875 0.45973645625000004 0.8125 0.4714494875