2 0.7001953125 0.3982430453125 0.703125 0.3850658859375 0.685546875 0.3718887265625 0.6796875 0.3806735 0.6728515625 0.4099560765625 0.671875 0.41874084843750004 0.67578125 0.420204978125 0.6943359375 0.40117130312500004 0.7119140625 0.3953147875 0.70703125 0.3909224015625 0.7001953125 0.3982430453125
2 0.640625 0.35578330937499997 0.6396484375 0.36017569531250004 0.6474609375 0.3777452421875 0.650390625 0.40263543124999995 0.66796875 0.363103953125 0.654296875 0.35578330937499997 0.640625 0.35578330937499997
2 0.546875 0.48316251875000005 0.53125 0.5051244515625 0.5263671875 0.5183016109375 0.52734375 0.5387994140625 0.5634765625 0.6120058562499999 0.5732421875 0.6456808203125 0.578125 0.6808199125 0.5927734375 0.6983894578125 0.6220703125 0.7174231328125 0.6494140625 0.7232796484375 0.6748046875 0.7203513906250001 0.7138671875 0.6969253296875 0.744140625 0.6603221078125 0.7578125 0.63103953125 0.7724609375 0.5827232796875 0.7744140625 0.5256222546875 0.7666015625 0.4816983890625 0.755859375 0.4553440703125 0.724609375 0.4055636890625 0.6962890625 0.41142020468749996 0.6640625 0.4612005859375 0.662109375 0.477306003125 0.6572265625 0.4875549046875 0.6337890625 0.4948755484375 0.6240234375 0.472913615625 0.611328125 0.46705710156249997 0.5869140625 0.46705710156249997 0.55859375 0.446559296875 0.6025390625 0.44363103906249995 0.6083984375 0.43484626718749997 0.6015625 0.42459736406250004 0.6025390625 0.420204978125 0.6201171875 0.43484626718749997 0.6171875 0.3953147875 0.609375 0.3733528546875 0.603515625 0.370424596875 0.595703125 0.3777452421875 0.57421875 0.3850658859375 0.55078125 0.42166910625 0.548828125 0.43338213750000004 0.5458984375 0.4304538796875 0.5498046875 0.44070278125 0.5390625 0.44216691093750005 0.5302734375 0.47437774531250004 0.5302734375 0.4816983890625 0.533203125 0.48316251875000005 0.546875 0.4685212296875 0.5615234375 0.4626647140625 0.55859375 0.47437774531250004 0.546875 0.48316251875000005
2 0.3369140625 0.770131771875 0.341796875 0.784773059375 0.3671875 0.8257686671875 0.3837890625 0.8418740843749999 0.408203125 0.8565153734375001 0.4287109375 0.8623718890625 0.453125 0.8623718890625 0.4736328125 0.8594436312499999 0.501953125 0.846266471875 0.5205078125 0.8316251828125001 0.5419921875 0.8023426062500001 0.5537109375 0.7818448015625 0.568359375 0.7408491953125 0.57421875 0.6954612 0.568359375 0.6354319187499999 0.5537109375 0.5959004390625 0.5185546875 0.534407028125 0.505859375 0.5446559296875 0.5009765625 0.541727671875 0.4736328125 0.568081990625 0.4462890625 0.57393850625 0.42578125 0.5622254765625 0.4150390625 0.54026354375 0.416015625 0.5241581265625 0.42578125 0.50219619375 0.4140625 0.49780380625 0.3935546875 0.5007320640625 0.3779296875 0.5095168375 0.3720703125 0.52122986875 0.34765625 0.5446559296875 0.3359375 0.5651537328125 0.322265625 0.6032210828125 0.32421875 0.6281112734375001 0.3193359375 0.6339677890625001 0.3173828125 0.65446559375 0.3212890625 0.6778916546875 0.330078125 0.701317715625 0.3369140625 0.770131771875
2 0.162109375 0.8843338218750001 0.201171875 0.9092240109375 0.205078125 0.9062957546874999 0.2041015625 0.910688140625 0.2080078125 0.9136163984375001 0.2138671875 0.9077598828125 0.2587890625 0.9004392390625 0.283203125 0.8843338218750001 0.3095703125 0.853587115625 0.328125 0.8096632500000001 0.3330078125 0.7818448015625 0.33203125 0.7306002921875 0.328125 0.701317715625 0.310546875 0.648609078125 0.271484375 0.57833089375 0.2412109375 0.5505124453125 0.2177734375 0.54026354375 0.1943359375 0.5387994140625 0.1650390625 0.5475841875 0.1455078125 0.5622254765625 0.130859375 0.57833089375 0.1142578125 0.6076134703125 0.1015625 0.6412884328125 0.0947265625 0.6808199125 0.0927734375 0.727672034375 0.0966796875 0.758418740625 0.103515625 0.784773059375 0.125 0.8345534406249999 0.142578125 0.8623718890625 0.162109375 0.8843338218750001
2 0.2412109375 0.5475841875 0.2568359375 0.560761346875 0.2666015625 0.55490483125 0.291015625 0.560761346875 0.3056640625 0.5446559296875 0.330078125 0.50219619375 0.337890625 0.4948755484375 0.341796875 0.47877013125 0.330078125 0.46705710156249997 0.3017578125 0.46705710156249997 0.2822265625 0.45973645625000004 0.2587890625 0.43338213750000004 0.25 0.4377745234375 0.2470703125 0.44509516875 0.248046875 0.45827232812499996 0.2451171875 0.4626647140625 0.248046875 0.47437774531250004 0.240234375 0.48316251875000005 0.2353515625 0.4816983890625 0.232421875 0.4714494875 0.2373046875 0.45827232812499996 0.244140625 0.408491946875 0.2529296875 0.38945827187500004 0.28125 0.370424596875 0.2548828125 0.34846266406250004 0.228515625 0.336749634375 0.2080078125 0.336749634375 0.1904296875 0.34260615 0.1650390625 0.35871156718749997 0.146484375 0.3792093703125 0.1259765625 0.41581259218750005 0.1171875 0.44363103906249995 0.111328125 0.47877013125 0.1103515625 0.522693996875 0.1220703125 0.5856515375 0.15625 0.5505124453125 0.1904296875 0.53587115625 0.21484375 0.53587115625 0.2412109375 0.5475841875
2 0.3447265625 0.393850659375 0.3349609375 0.39970717499999997 0.3359375 0.4099560765625 0.3447265625 0.42459736406250004 0.3369140625 0.42606149374999996 0.330078125 0.41727672031249996 0.3310546875 0.43484626718749997 0.33984375 0.44363103906249995 0.3447265625 0.4363103953125 0.3505859375 0.4377745234375 0.345703125 0.450951684375 0.3740234375 0.469985359375 0.3916015625 0.4685212296875 0.4111328125 0.45827232812499996 0.4208984375 0.4363103953125 0.4375 0.44216691093750005 0.462890625 0.42459736406250004 0.5078125 0.38799414374999996 0.5166015625 0.3674963390625 0.49609375 0.33528550468749996 0.4873046875 0.34260615 0.4853515625 0.332357246875 0.490234375 0.3279648609375 0.484375 0.3279648609375 0.4853515625 0.3221083453125 0.4794921875 0.34260615 0.474609375 0.325036603125 0.4677734375 0.31771595937499997 0.4404296875 0.31771595937499997 0.4345703125 0.31185944375 0.4228515625 0.32650073281249997 0.41796875 0.2913616390625 0.4189453125 0.24158125937500002 0.4150390625 0.22108345468750001 0.3857421875 0.23279648593750002 0.3525390625 0.2620790625 0.330078125 0.3030746703125 0.31640625 0.351390921875 0.3154296875 0.3674963390625 0.3251953125 0.374816984375 0.3310546875 0.38799414374999996 0.33984375 0.38945827187500004 0.34765625 0.38360175625 0.3447265625 0.393850659375
2 0.5107421875 0.496339678125 0.517578125 0.4948755484375 0.525390625 0.48462664687499996 0.53125 0.4538799421875 0.5361328125 0.4494875546875 0.537109375 0.43338213750000004 0.548828125 0.42166910625 0.5556640625 0.4055636890625 0.5537109375 0.39970717499999997 0.5478515625 0.3982430453125 0.5166015625 0.412884334375 0.4638671875 0.4538799421875 0.4599609375 0.4612005859375 0.4609375 0.472913615625 0.4658203125 0.47584187343749995 0.4794921875 0.46705710156249997 0.4873046875 0.450951684375 0.5029296875 0.47437774531250004 0.5107421875 0.496339678125
2 0.439453125 0.247437775 0.4541015625 0.25036603281250003 0.4677734375 0.2708638359375 0.49609375 0.25329429062500003 0.466796875 0.2313323578125 0.44921875 0.2240117125 0.4404296875 0.2269399703125 0.439453125 0.247437775
2 0.52734375 0.298682284375 0.5107421875 0.27379209375 0.498046875 0.2898975109375 0.4951171875 0.286969253125 0.50390625 0.2635431921875 0.4931640625 0.28550512499999997 0.4677734375 0.2708638359375 0.47265625 0.27818447968750004 0.494140625 0.286969253125 0.4990234375 0.29282576875 0.5029296875 0.31771595937499997 0.5234375 0.3411420203125 0.541015625 0.351390921875 0.5458984375 0.34846266406250004 0.52734375 0.298682284375
2 0.798828125 0.3089311859375 0.796875 0.2972181546875 0.7890625 0.2811127375 0.78125 0.275256221875 0.779296875 0.26500732031249996 0.7626953125 0.2591508046875 0.7353515625 0.2972181546875 0.7255859375 0.323572475 0.71875 0.35871156718749997 0.716796875 0.38360175625 0.720703125 0.38799414374999996 0.7294921875 0.36896046875 0.7548828125 0.33528550468749996 0.79296875 0.30600292812499996 0.798828125 0.3089311859375
2 0.794921875 0.55929721875 0.8212890625 0.57393850625 0.8515625 0.57833089375 0.8671875 0.5754026359375 0.8994140625 0.5563689609375 0.927734375 0.527086384375 0.9443359375 0.503660321875 0.958984375 0.472913615625 0.96875 0.44216691093750005 0.9736328125 0.40702781874999994 0.9736328125 0.363103953125 0.962890625 0.30600292812499996 0.9482421875 0.27379209375 0.931640625 0.25036603281250003 0.896484375 0.2240117125 0.8701171875 0.2181551984375 0.8291015625 0.2196193265625 0.826171875 0.22108345468750001 0.826171875 0.2313323578125 0.85546875 0.2591508046875 0.859375 0.275256221875 0.85546875 0.3103953140625 0.857421875 0.3382137625 0.849609375 0.36456808125 0.830078125 0.39677891718749997 0.8212890625 0.4055636890625 0.8134765625 0.4055636890625 0.8095703125 0.393850659375 0.818359375 0.36456808125 0.810546875 0.34699853593749996 0.7939453125 0.33089311875 0.791015625 0.3396778921875 0.775390625 0.332357246875 0.78125 0.3396778921875 0.7666015625 0.3411420203125 0.7626953125 0.34699853593749996 0.759765625 0.344070278125 0.759765625 0.34992679375 0.7490234375 0.35871156718749997 0.7490234375 0.36456808125 0.7333984375 0.3909224015625 0.7294921875 0.4040995609375 0.759765625 0.45827232812499996 0.771484375 0.4904831625 0.7783203125 0.5505124453125 0.7841796875 0.5461200578125001 0.794921875 0.55929721875
2 0.583984375 0.1815519765625 0.595703125 0.1566617859375 0.607421875 0.1551976578125 0.61328125 0.1625183015625 0.61328125 0.18887262031250002 0.625 0.19472913593750002 0.6279296875 0.20058565156250002 0.6240234375 0.2181551984375 0.6162109375 0.2313323578125 0.6328125 0.260614934375 0.6484375 0.279648609375 0.658203125 0.2825768671875 0.677734375 0.27672035156249997 0.7333984375 0.23279648593750002 0.732421875 0.2181551984375 0.7216796875 0.1874084921875 0.697265625 0.1493411421875 0.6650390625 0.12591508125 0.6328125 0.1185944359375 0.603515625 0.1244509515625 0.572265625 0.14494875625 0.5505859375 0.1745241578125 0.5556640625 0.1874084921875 0.55078125 0.191800878125 0.546875 0.1800878484375 0.5322265625 0.2181551984375 0.529296875 0.23572474375 0.541015625 0.237188871875 0.5419921875 0.21229868281250003 0.546875 0.19765739375 0.5595703125 0.184480234375 0.583984375 0.1815519765625
2 0.5556640625 0.34992679375 0.583984375 0.34260615 0.615234375 0.3221083453125 0.625 0.3103953140625 0.6298828125 0.29428989687499996 0.625 0.279648609375 0.6064453125 0.2518301609375 0.6015625 0.256222546875 0.5927734375 0.27818447968750004 0.5869140625 0.2825768671875 0.5712890625 0.256222546875 0.5595703125 0.25475841875 0.5576171875 0.26500732031249996 0.572265625 0.26500732031249996 0.572265625 0.2745241578125 0.5830078125 0.2825768671875 0.5751953125 0.3030746703125 0.5703125 0.3016105421875 0.572265625 0.2840409953125 0.5693359375 0.298682284375 0.55859375 0.3001464125 0.55859375 0.29282576875 0.5498046875 0.28550512499999997 0.5458984375 0.2576866765625 0.525390625 0.248901903125 0.5234375 0.272327965625 0.5283203125 0.2898975109375 0.5263671875 0.29428989687499996 0.5458984375 0.3411420203125 0.5556640625 0.34992679375
2 0.736328125 0.2708638359375 0.6875 0.313323571875 0.6875 0.3718887265625 0.7119140625 0.3865300140625 0.716796875 0.3733528546875 0.720703125 0.332357246875 0.7431640625 0.27818447968750004 0.736328125 0.2708638359375